371         10.0 0.0 0.0
372         10.68 0.0 0.0
373         9.32 0.0 0.0
375         11.36 0.0 0.0
376         8.64 0.0 0.0
378         7.96 0.0 0.0
379         12.04 0.0 0.0
382         12.72 0.0 0.0
383         7.279999999999999 0.0 0.0
386         6.6 0.0 0.0
387         13.4 0.0 0.0
390         5.9399999999999995 0.0 0.0
393         5.28 0.0 0.0
397         4.619999999999999 0.0 0.0
401         3.9599999999999995 0.0 0.0
404         3.3 0.0 0.0
406         2.64 0.0 0.0
409         1.9799999999999998 0.0 0.0
411         1.32 0.0 0.0
413         0.66 0.0 0.0
414         0.0 0.0 0.0




















