226        17 19 28 27
227        11 13 19 17
228        6 8 13 11
229        3 4 8 6
230        1 2 4 3
231        19 22 30 28
232        13 15 22 19
233        8 9 15 13
234        4 7 9 8
235        2 5 7 4
236        22 25 33 30
237        15 20 25 22
238        9 14 20 15
239        7 12 14 9
240        5 10 12 7
241        25 31 38 33
242        20 24 31 25
243        14 21 24 20
244        12 18 21 14
245        10 16 18 12
246        31 37 42 38
247        24 32 37 31
248        21 29 32 24
249        18 26 29 21
250        16 23 26 18
