333         0.0 0.0 0.0
335         0.0 0.6666666666666666 0.0
339         0.0 1.3333333333333333 0.0
343         0.0 2.0 0.0
349         0.0 2.6666666666666665 0.0
354         0.0 3.333333333333333 0.0
363         0.0 4.0 0.0
369         0.0 4.666666666666667 0.0
377         0.0 5.333333333333333 0.0
381         0.0 6.0 0.0
391         0.0 6.666666666666666 0.0
399         0.0 7.333333333333333 0.0
404         0.0 8.0 0.0
412         0.0 8.666666666666668 0.0
419         0.0 9.333333333333334 0.0
425         0.0 10.0 0.0
431         0.0 10.66 0.0
435         0.0 11.32 0.0
437         0.0 11.98 0.0
440         0.0 12.64 0.0
441         0.0 13.3 0.0
