1         13.3 0.0 0.0
3         13.3 0.6666666666666666 0.0
6         13.3 1.3333333333333333 0.0
11         13.3 2.0 0.0
17         13.3 2.6666666666666665 0.0
26         13.3 3.333333333333333 0.0
35         13.3 4.0 0.0
45         13.3 4.666666666666667 0.0
57         13.3 5.333333333333333 0.0
72         13.3 6.0 0.0
88         13.3 6.666666666666666 0.0
105         13.3 7.333333333333333 0.0
122         13.3 8.0 0.0
144         13.3 8.666666666666668 0.0
167         13.3 9.333333333333334 0.0
190         13.3 10.0 0.0
215         13.3 10.66 0.0
239         13.3 11.32 0.0
271         13.3 11.98 0.0
302         13.3 12.64 0.0
332         13.3 13.3 0.0
