1         10.0 15.299999999999999 0.0
2         9.32 15.299999999999999 0.0
3         10.0 14.616666666666665 0.0
4         9.32 14.616666666666664 0.0
5         8.64 15.299999999999999 0.0
6         10.0 13.933333333333332 0.0
7         8.64 14.616666666666664 0.0
8         9.32 13.933333333333334 0.0
9         8.64 13.933333333333334 0.0
10         7.96 15.299999999999999 0.0
11         10.0 13.25 0.0
12         7.960000000000002 14.616666666666667 0.0
13         9.32 13.25 0.0
14         7.960000000000001 13.933333333333334 0.0
15         8.64 13.25 0.0
16         7.279999999999999 15.299999999999999 0.0
17         10.0 12.566666666666666 0.0
18         7.279999999999999 14.616666666666664 0.0
19         9.32 12.566666666666666 0.0
20         7.960000000000001 13.250000000000002 0.0
21         7.279999999999999 13.933333333333334 0.0
22         8.64 12.566666666666666 0.0
23         6.6 15.299999999999999 0.0
24         7.279999999999999 13.25 0.0
25         7.96 12.566666666666666 0.0
26         10.0 11.883333333333333 0.0
27         6.6 14.616666666666665 0.0
28         9.320000000000002 11.883333333333331 0.0
29         6.6 13.933333333333332 0.0
30         8.64 11.883333333333331 0.0
31         7.279999999999999 12.566666666666666 0.0
32         6.6 13.25 0.0
33         7.96 11.883333333333333 0.0
34         10.0 11.2 0.0
35         9.32 11.2 0.0
37         8.64 11.2 0.0
39         6.6 12.566666666666666 0.0
40         7.279999999999999 11.883333333333333 0.0
42         7.96 11.2 0.0
46         6.6 11.883333333333333 0.0
49         7.279999999999999 11.2 0.0
55         6.6 11.2 0.0
