1        223 225 244 243
2        205 206 225 223
3        183 186 206 205
4        165 166 186 183
5        145 146 166 165
6        127 128 146 145
7        108 109 128 127
8        92 93 109 108
9        80 81 93 92
10        67 68 81 80
11        57 58 68 67
12        48 49 58 57
13        40 41 49 48
14        34 35 41 40
15        23 26 35 34
16        225 226 246 244
17        206 210 226 225
18        186 190 210 206
19        166 167 190 186
20        146 149 167 166
21        128 129 149 146
22        109 114 129 128
23        93 98 114 109
24        81 82 98 93
25        68 71 82 81
26        58 59 71 68
27        49 51 59 58
28        41 44 51 49
29        35 36 44 41
30        26 29 36 35
31        226 231 248 246
32        210 211 231 226
33        190 194 211 210
34        167 172 194 190
35        149 154 172 167
36        129 133 154 149
37        114 115 133 129
38        98 101 115 114
39        82 86 101 98
40        71 74 86 82
41        59 63 74 71
42        51 53 63 59
43        44 45 53 51
44        36 39 45 44
45        29 32 39 36
46        231 234 251 248
47        211 215 234 231
48        194 195 215 211
49        172 177 195 194
50        154 155 177 172
51        133 138 155 154
52        115 120 138 133
53        101 104 120 115
54        86 91 104 101
55        74 77 91 86
56        63 65 77 74
57        53 56 65 63
58        45 50 56 53
59        39 43 50 45
60        32 37 43 39
61        234 236 256 251
62        215 220 236 234
63        195 201 220 215
64        177 182 201 195
65        155 162 182 177
66        138 141 162 155
67        120 125 141 138
68        104 110 125 120
69        91 96 110 104
70        77 83 96 91
71        65 72 83 77
72        56 62 72 65
73        50 54 62 56
74        43 46 54 50
75        37 42 46 43
76        46 52 47 42
77        54 60 52 46
78        62 69 60 54
79        72 78 69 62
80        83 89 78 72
81        96 102 89 83
82        110 116 102 96
83        125 134 116 110
84        141 151 134 125
85        162 171 151 141
86        182 191 171 162
87        201 208 191 182
88        220 224 208 201
89        236 242 224 220
90        256 259 242 236
91        52 61 55 47
92        60 66 61 52
93        69 75 66 60
94        78 87 75 69
95        89 99 87 78
96        102 112 99 89
97        116 123 112 102
98        134 140 123 116
99        151 160 140 134
100        171 179 160 151
101        191 196 179 171
102        208 214 196 191
103        224 233 214 208
104        242 250 233 224
105        259 262 250 242
106        61 70 64 55
107        66 76 70 61
108        75 85 76 66
109        87 94 85 75
110        99 106 94 87
111        112 121 106 99
112        123 137 121 112
113        140 153 137 123
114        160 169 153 140
115        179 187 169 160
116        196 204 187 179
117        214 221 204 196
118        233 237 221 214
119        250 257 237 233
120        262 267 257 250
121        70 79 73 64
122        76 88 79 70
123        85 95 88 76
124        94 105 95 85
125        106 118 105 94
126        121 132 118 106
127        137 148 132 121
128        153 164 148 137
129        169 181 164 153
130        187 198 181 169
131        204 212 198 187
132        221 232 212 204
133        237 247 232 221
134        257 260 247 237
135        267 270 260 257
136        79 90 84 73
137        88 100 90 79
138        95 107 100 88
139        105 119 107 95
140        118 130 119 105
141        132 144 130 118
142        148 158 144 132
143        164 176 158 148
144        181 193 176 164
145        198 209 193 181
146        212 222 209 198
147        232 238 222 212
148        247 254 238 232
149        260 266 254 247
150        270 274 266 260
151        90 103 97 84
152        100 113 103 90
153        107 122 113 100
154        119 131 122 107
155        130 143 131 119
156        144 156 143 130
157        158 174 156 144
158        176 189 174 158
159        193 203 189 176
160        209 219 203 193
161        222 235 219 209
162        238 249 235 222
163        254 261 249 238
164        266 271 261 254
165        274 278 271 266
166        103 117 111 97
167        113 124 117 103
168        122 136 124 113
169        131 147 136 122
170        143 157 147 131
171        156 173 157 143
172        174 184 173 156
173        189 200 184 174
174        203 217 200 189
175        219 230 217 203
176        235 245 230 219
177        249 258 245 235
178        261 268 258 249
179        271 275 268 261
180        278 280 275 271
181        117 135 126 111
182        124 139 135 117
183        136 152 139 124
184        147 163 152 136
185        157 175 163 147
186        173 188 175 157
187        184 199 188 173
188        200 213 199 184
189        217 228 213 200
190        230 241 228 217
191        245 255 241 230
192        258 265 255 245
193        268 273 265 258
194        275 279 273 268
195        280 283 279 275
196        135 150 142 126
197        139 159 150 135
198        152 168 159 139
199        163 180 168 152
200        175 192 180 163
201        188 202 192 175
202        199 216 202 188
203        213 227 216 199
204        228 239 227 213
205        241 253 239 228
206        255 264 253 241
207        265 272 264 255
208        273 277 272 265
209        279 282 277 273
210        283 285 282 279
211        150 170 161 142
212        159 178 170 150
213        168 185 178 159
214        180 197 185 168
215        192 207 197 180
216        202 218 207 192
217        216 229 218 202
218        227 240 229 216
219        239 252 240 227
220        253 263 252 239
221        264 269 263 253
222        272 276 269 264
223        277 281 276 272
224        282 284 281 277
225        285 286 284 282
