213         0.0 11.2 0.0
223         0.0 10.6 0.0
230         0.0 10.0 0.0
246         0.0 9.333333333333334 0.0
258         0.0 8.666666666666668 0.0
272         0.0 8.0 0.0
286         0.0 7.333333333333333 0.0
300         0.0 6.666666666666666 0.0
316         0.0 6.0 0.0
335         0.0 5.333333333333333 0.0
346         0.0 4.666666666666667 0.0
366         0.0 4.0 0.0
385         0.0 3.333333333333333 0.0
396         0.0 2.6666666666666665 0.0
402         0.0 2.0 0.0
408         0.0 1.3333333333333333 0.0
412         0.0 0.6666666666666666 0.0
414         0.0 0.0 0.0
