309        336 326 321
310        177 179 186
311        337 343 331
312        226 217 224
313        234 248 241
314        346 340 330
315        287 272 277
316        190 199 201
317        351 352 342
318        188 182 191
319        294 305 295
320        314 300 301
321        181 185 192
322        347 349 339
323        206 197 208
324        264 280 269
325        256 242 251
326        210 221 220
327        350 348 344
328        180 178 183
329        319 328 315
330        326 314 313
331        179 181 187
332        343 347 334
333        217 206 218
334        248 264 254
335        340 336 329
336        272 256 262
337        199 210 209
338        352 350 341
339        182 180 189
340        305 319 307
341        300 287 288
342        185 190 196
343        349 351 345
344        197 188 198
345        280 294 281
346        242 226 237
347        221 234 229
348        348 346 338
349        178 177 184
350        328 337 325
351        321 326 313
352        321 313 308
353        308 313 298
354        321 308 318
355        298 313 301
356        301 313 314
357        298 301 288
358        288 301 300
359        308 298 292
360        318 308 304
361        321 318 329
362        329 318 330
363        321 329 336
364        329 330 340
365        292 298 283
366        308 292 304
367        318 304 316
368        251 242 237
369        251 237 245
370        245 237 230
371        251 245 260
372        230 237 224
373        224 237 226
374        230 224 218
375        218 224 217
376        245 230 239
377        260 245 253
378        251 260 262
379        262 260 277
380        251 262 256
381        262 277 272
382        239 230 223
383        245 239 253
384        260 253 271
385        288 287 277
386        288 277 271
387        342 352 341
388        342 341 332
389        332 341 333
390        342 332 335
391        333 341 344
392        344 341 350
393        333 344 338
394        338 344 348
395        332 333 320
396        335 332 322
397        342 335 345
398        345 335 339
399        342 345 351
400        345 339 349
401        320 333 324
402        332 320 322
403        335 322 327
404        218 206 208
405        218 211 223
406        184 177 186
407        184 186 194
408        194 186 195
409        184 194 193
410        195 186 187
411        187 186 179
412        195 187 192
413        192 187 181
414        194 195 204
415        193 194 203
416        184 193 183
417        183 193 189
418        184 183 178
419        183 189 180
420        204 195 205
421        194 204 203
422        193 203 202
423        241 248 254
424        241 254 249
425        249 254 265
426        241 249 235
427        265 254 269
428        269 254 264
429        265 269 281
430        281 269 280
431        249 265 259
432        235 249 240
433        241 235 229
434        229 235 220
435        241 229 234
436        229 220 221
437        259 265 275
438        249 259 240
439        235 240 225
440        315 328 325
441        315 325 312
442        312 325 323
443        315 312 299
444        323 325 331
445        331 325 337
446        323 331 334
447        334 331 343
448        312 323 306
449        299 312 296
450        315 299 307
451        307 299 295
452        315 307 319
453        307 295 305
454        306 323 317
455        312 306 296
456        299 296 286
457        281 294 295
458        281 295 286
459        192 185 196
460        192 207 205
461        209 210 220
462        209 220 214
463        208 197 198
464        208 198 211
465        211 198 200
466        208 211 218
467        200 198 191
468        191 198 188
469        200 191 189
470        189 191 182
471        211 200 212
472        212 200 202
473        211 212 223
474        196 190 201
475        196 201 207
476        207 201 214
477        196 207 192
478        214 201 209
479        209 201 199
480        214 220 225
481        207 214 219
482        219 214 225
483        207 219 205
484        334 347 339
485        334 339 327
486        338 346 330
487        338 330 324
488        283 298 288
489        324 333 338
490        275 265 281
491        223 230 218
492        205 195 192
493        317 323 334
494        316 304 302
495        327 322 311
496        225 240 236
497        271 253 266
498        202 203 213
499        286 296 282
500        292 283 278
501        320 324 310
502        259 275 267
503        239 223 231
504        204 205 216
505        306 317 303
506        318 316 330
507        335 327 339
508        235 225 220
509        260 271 277
510        193 202 189
511        299 286 295
512        302 304 291
513        213 203 215
514        267 275 282
515        267 282 270
516        270 282 285
517        267 270 255
518        285 282 296
519        270 285 274
520        255 270 257
521        267 255 259
522        274 285 289
523        270 274 257
524        255 257 244
525        289 285 303
526        274 289 279
527        244 257 246
528        255 244 236
529        291 304 292
530        302 291 290
531        215 203 204
532        274 279 261
533        290 291 276
534        302 290 310
535        302 310 324
536        261 279 268
537        274 261 257
538        276 291 278
539        268 279 284
540        261 268 252
541        284 279 293
542        268 284 273
543        252 268 258
544        261 252 246
545        293 279 289
546        273 284 290
547        258 268 273
548        258 273 263
549        263 273 276
550        276 273 290
551        263 276 266
552        258 263 247
553        247 263 250
554        258 247 243
555        250 263 266
556        250 266 253
557        247 250 231
558        243 247 232
559        258 243 252
560        232 247 231
561        243 232 227
562        252 243 238
563        227 232 213
564        243 227 238
565        238 227 222
566        222 227 215
567        222 215 216
568        238 222 233
569        233 222 216
570        238 233 246
571        246 233 244
572        236 240 255
573        278 283 266
574        278 266 276
575        216 205 219
576        311 322 309
577        309 322 320
578        311 309 293
579        293 309 297
580        297 309 310
581        297 310 290
582        297 290 284
583        297 284 293
584        231 223 212
585        303 317 311
586        303 311 289
587        252 238 246
588        316 302 324
589        316 324 330
590        202 213 212
591        213 215 227
592        246 257 261
593        225 236 219
594        292 278 291
595        204 216 215
596        327 311 317
597        327 317 334
598        286 282 275
599        286 275 281
600        239 231 250
601        271 266 283
602        271 283 288
603        320 310 309
604        306 303 285
605        293 289 311
606        240 259 255
607        253 239 250
608        296 306 285
609        236 244 228
610        228 244 233
611        236 228 219
612        228 233 216
613        202 200 189
614        219 228 216
615        213 232 231
616        212 213 231
