1        163 159 148
2        1 3 4
3        162 168 157
4        81 64 67
5        80 94 76
6        171 169 154
7        130 119 115
8        28 38 31
9        174 176 164
10        29 18 22
11        129 144 126
12        150 145 134
13        11 17 14
14        170 172 160
15        53 39 41
16        108 118 103
17        109 95 89
18        52 63 54
19        175 173 167
20        12 2 6
21        149 158 140
22        159 150 141
23        3 11 7
24        168 170 155
25        64 53 51
26        94 108 90
27        169 163 156
28        119 109 105
29        38 52 42
30        176 175 165
31        18 12 13
32        144 149 135
33        145 130 121
34        17 28 21
35        172 174 166
36        39 29 32
37        118 129 111
38        95 81 77
39        63 80 69
40        173 171 161
41        2 1 5
42        158 162 147
43        148 159 141
44        148 141 132
45        132 141 128
46        148 132 143
47        128 141 134
48        134 141 150
49        128 134 121
50        121 134 145
51        132 128 114
52        143 132 125
53        148 143 156
54        156 143 154
55        148 156 163
56        156 154 169
57        114 128 107
58        132 114 125
59        143 125 136
60        89 95 77
61        89 77 75
62        75 77 62
63        89 75 92
64        62 77 67
65        67 77 81
66        62 67 51
67        51 67 64
68        75 62 60
69        92 75 79
70        89 92 105
71        105 92 115
72        89 105 109
73        105 115 119
74        60 62 47
75        75 60 79
76        92 79 100
77        121 130 115
78        121 115 100
79        164 176 165
80        164 165 151
81        151 165 153
82        164 151 152
83        153 165 167
84        167 165 175
85        153 167 161
86        161 167 173
87        151 153 138
88        152 151 137
89        164 152 166
90        166 152 160
91        164 166 174
92        166 160 172
93        138 153 139
94        151 138 137
95        152 137 146
96        51 53 41
97        51 35 47
98        5 1 4
99        5 4 8
100        8 4 9
101        5 8 10
102        9 4 7
103        7 4 3
104        9 7 14
105        14 7 11
106        8 9 15
107        10 8 16
108        5 10 6
109        6 10 13
110        5 6 2
111        6 13 12
112        15 9 19
113        8 15 16
114        10 16 20
115        76 94 90
116        76 90 74
117        74 90 91
118        76 74 61
119        91 90 103
120        103 90 108
121        91 103 111
122        111 103 118
123        74 91 78
124        61 74 59
125        76 61 69
126        69 61 54
127        76 69 80
128        69 54 63
129        78 91 96
130        74 78 59
131        61 59 46
132        140 158 147
133        140 147 131
134        131 147 142
135        140 131 127
136        142 147 157
137        157 147 162
138        142 157 155
139        155 157 168
140        131 142 124
141        127 131 113
142        140 127 135
143        135 127 126
144        140 135 149
145        135 126 144
146        124 142 133
147        131 124 113
148        127 113 112
149        111 129 126
150        111 126 112
151        14 17 21
152        14 27 19
153        42 52 54
154        42 54 37
155        41 39 32
156        41 32 35
157        35 32 24
158        41 35 51
159        24 32 22
160        22 32 29
161        24 22 13
162        13 22 18
163        35 24 30
164        30 24 20
165        35 30 47
166        21 28 31
167        21 31 27
168        27 31 37
169        21 27 14
170        37 31 42
171        42 31 38
172        37 54 46
173        27 37 34
174        34 37 46
175        27 34 19
176        155 170 160
177        155 160 146
178        161 171 154
179        161 154 139
180        107 128 121
181        139 153 161
182        96 91 111
183        47 62 51
184        19 9 14
185        133 142 155
186        136 125 117
187        146 137 122
188        46 59 49
189        100 79 86
190        20 16 26
191        112 113 97
192        114 107 98
193        138 139 123
194        78 96 85
195        60 47 48
196        15 19 25
197        124 133 116
198        143 136 154
199        152 146 160
200        61 46 54
201        92 100 115
202        10 20 13
203        127 112 126
204        117 125 106
205        26 16 23
206        85 96 97
207        85 97 82
208        82 97 99
209        85 82 70
210        99 97 113
211        82 99 84
212        70 82 66
213        85 70 78
214        84 99 101
215        82 84 66
216        70 66 56
217        101 99 116
218        84 101 87
219        56 66 55
220        70 56 49
221        106 125 114
222        117 106 102
223        23 16 15
224        84 87 71
225        102 106 88
226        117 102 123
227        117 123 139
228        71 87 73
229        84 71 66
230        88 106 98
231        73 87 93
232        71 73 58
233        93 87 104
234        73 93 83
235        58 73 65
236        71 58 55
237        104 87 101
238        83 93 102
239        65 73 83
240        65 83 72
241        72 83 88
242        88 83 102
243        72 88 86
244        65 72 57
245        57 72 68
246        65 57 50
247        68 72 86
248        68 86 79
249        57 68 48
250        50 57 44
251        65 50 58
252        44 57 48
253        50 44 36
254        58 50 45
255        36 44 26
256        50 36 45
257        45 36 33
258        33 36 23
259        33 23 25
260        45 33 43
261        43 33 25
262        45 43 55
263        55 43 56
264        49 59 70
265        98 107 86
266        98 86 88
267        25 19 34
268        122 137 120
269        120 137 138
270        122 120 104
271        104 120 110
272        110 120 123
273        110 123 102
274        110 102 93
275        110 93 104
276        48 47 30
277        116 133 122
278        116 122 101
279        58 45 55
280        136 117 139
281        136 139 154
282        20 26 30
283        26 23 36
284        55 66 71
285        46 49 34
286        114 98 106
287        15 25 23
288        146 122 133
289        146 133 155
290        112 97 96
291        112 96 111
292        60 48 68
293        100 86 107
294        100 107 121
295        138 123 120
296        124 116 99
297        104 101 122
298        59 78 70
299        79 60 68
300        113 124 99
301        49 56 40
302        40 56 43
303        49 40 34
304        40 43 25
305        20 24 13
306        34 40 25
307        26 44 48
308        30 26 48
