DAT_CURVE NUM#50 
CUSTOM_CURVE
-0.00000
-2.04082
-4.08163
-6.12245
-8.16327
-10.00000
-10.00000
-10.00000
-10.00000
-10.00000
-10.00000
-10.00000
-10.00000
-10.00000
-10.00000
-10.00000
-10.00000
-10.00000
-10.00000
-10.00000
-10.00000
-10.00000
-10.00000
-10.00000
-10.00000
-10.00000
-10.00000
-10.00000
-10.00000
-10.00000
-10.00000
-10.00000
-10.00000
-10.00000
-10.00000
-10.00000
-10.00000
-10.00000
-10.00000
-10.00000
-10.00000
-10.00000
-10.00000
-10.00000
-10.00000
-10.00000
-10.00000
-10.00000
-10.00000
-10.00000
