784         0.0 0.0 0.0
786         0.833333333 0.0 0.0
790         1.66666667 0.0 0.0
793         2.5 0.0 0.0
798         3.33333333 0.0 0.0
807         4.16666667 0.0 0.0
810         5.0 0.0 0.0
819         5.83333333 0.0 0.0
828         6.66666667 0.0 0.0
836         7.5 0.0 0.0
844         8.33333333 0.0 0.0
854         9.16666667 0.0 0.0
864         10.0 0.0 0.0
876         10.8333333 0.0 0.0
885         11.6666667 0.0 0.0
894         12.5 0.0 0.0
904         13.3333333 0.0 0.0
913         14.1666667 0.0 0.0
923         15.0 0.0 0.0
933         15.8333333 0.0 0.0
942         16.6666667 0.0 0.0
947         17.5 0.0 0.0
956         18.3333333 0.0 0.0
964         19.1666667 0.0 0.0
971         20.0 0.0 0.0
977         20.8333333 0.0 0.0
982         21.6666667 0.0 0.0
986         22.5 0.0 0.0
989         23.3333333 0.0 0.0
991         24.1666667 0.0 0.0
992         25.0 0.0 0.0
