1        737 688 687 733
2        741 690 688 737
3        747 698 690 741
4        751 706 698 747
5        756 712 706 751
6        767 718 712 756
7        773 728 718 767
8        783 745 728 773
9        794 753 745 783
10        803 771 753 794
11        816 781 771 803
12        826 796 781 816
13        837 808 796 826
14        845 820 808 837
15        857 835 820 845
16        868 847 835 857
17        878 862 847 868
18        888 872 862 878
19        899 883 872 888
20        905 892 883 899
21        915 904 892 905
22        924 913 904 915
23        932 923 913 924
24        939 930 923 932
25        945 938 930 939
26        950 943 938 945
27        954 948 943 950
28        957 952 948 954
29        959 956 952 957
30        961 960 956 959
31        688 643 642 687
32        690 647 643 688
33        698 650 647 690
34        706 657 650 698
35        712 667 657 706
36        718 673 667 712
37        728 682 673 718
38        745 697 682 728
39        753 708 697 745
40        771 723 708 753
41        781 743 723 771
42        796 761 743 781
43        808 778 761 796
44        820 792 778 808
45        835 806 792 820
46        847 824 806 835
47        862 840 824 847
48        872 852 840 862
49        883 863 852 872
50        892 877 863 883
51        904 891 877 892
52        913 901 891 904
53        923 912 901 913
54        930 920 912 923
55        938 929 920 930
56        943 936 929 938
57        948 941 936 943
58        952 947 941 948
59        956 953 947 952
60        960 958 953 956
61        643 601 600 642
62        647 605 601 643
63        650 607 605 647
64        657 613 607 650
65        667 620 613 657
66        673 628 620 667
67        682 639 628 673
68        697 652 639 682
69        708 668 652 697
70        723 678 668 708
71        743 699 678 723
72        761 717 699 743
73        778 731 717 761
74        792 758 731 778
75        806 779 758 792
76        824 797 779 806
77        840 815 797 824
78        852 828 815 840
79        863 843 828 852
80        877 860 843 863
81        891 875 860 877
82        901 887 875 891
83        912 898 887 901
84        920 909 898 912
85        929 919 909 920
86        936 927 919 929
87        941 934 927 936
88        947 942 934 941
89        953 949 942 947
90        958 955 949 953
91        601 558 557 600
92        605 561 558 601
93        607 566 561 605
94        613 572 566 607
95        620 580 572 613
96        628 586 580 620
97        639 595 586 628
98        652 609 595 639
99        668 623 609 652
100        678 637 623 668
101        699 655 637 678
102        717 674 655 699
103        731 691 674 717
104        758 714 691 731
105        779 740 714 758
106        797 765 740 779
107        815 786 765 797
108        828 802 786 815
109        843 821 802 828
110        860 841 821 843
111        875 855 841 860
112        887 870 855 875
113        898 884 870 887
114        909 895 884 898
115        919 907 895 909
116        927 917 907 919
117        934 926 917 927
118        942 935 926 934
119        949 944 935 942
120        955 951 944 949
121        558 517 516 557
122        561 522 517 558
123        566 525 522 561
124        572 531 525 566
125        580 538 531 572
126        586 546 538 580
127        595 552 546 586
128        609 570 552 595
129        623 583 570 609
130        637 597 583 623
131        655 617 597 637
132        674 632 617 655
133        691 654 632 674
134        714 676 654 691
135        740 701 676 714
136        765 720 701 740
137        786 749 720 765
138        802 775 749 786
139        821 800 775 802
140        841 818 800 821
141        855 836 818 841
142        870 853 836 855
143        884 866 853 870
144        895 880 866 884
145        907 894 880 895
146        917 908 894 907
147        926 918 908 917
148        935 928 918 926
149        944 937 928 935
150        951 946 937 944
151        517 474 473 516
152        522 480 474 517
153        525 485 480 522
154        531 491 485 525
155        538 498 491 531
156        546 505 498 538
157        552 511 505 546
158        570 530 511 552
159        583 544 530 570
160        597 555 544 583
161        617 575 555 597
162        632 588 575 617
163        654 614 588 632
164        676 633 614 654
165        701 660 633 676
166        720 680 660 701
167        749 711 680 720
168        775 735 711 749
169        800 769 735 775
170        818 791 769 800
171        836 813 791 818
172        853 832 813 836
173        866 850 832 853
174        880 865 850 866
175        894 881 865 880
176        908 896 881 894
177        918 910 896 908
178        928 921 910 918
179        937 931 921 928
180        946 940 931 937
181        474 439 437 473
182        480 444 439 474
183        485 446 444 480
184        491 454 446 485
185        498 461 454 491
186        505 469 461 498
187        511 478 469 505
188        530 494 478 511
189        544 502 494 530
190        555 521 502 544
191        575 536 521 555
192        588 551 536 575
193        614 579 551 588
194        633 594 579 614
195        660 622 594 633
196        680 645 622 660
197        711 671 645 680
198        735 704 671 711
199        769 729 704 735
200        791 764 729 769
201        813 789 764 791
202        832 811 789 813
203        850 830 811 832
204        865 849 830 850
205        881 867 849 865
206        896 885 867 881
207        910 897 885 896
208        921 911 897 910
209        931 922 911 921
210        940 933 922 931
211        439 403 402 437
212        444 407 403 439
213        446 412 407 444
214        454 415 412 446
215        461 423 415 454
216        469 429 423 461
217        478 442 429 469
218        494 457 442 478
219        502 467 457 494
220        521 483 467 502
221        536 499 483 521
222        551 519 499 536
223        579 540 519 551
224        594 560 540 579
225        622 584 560 594
226        645 610 584 622
227        671 635 610 645
228        704 664 635 671
229        729 692 664 704
230        764 726 692 729
231        789 759 726 764
232        811 787 759 789
233        830 810 787 811
234        849 831 810 830
235        867 854 831 849
236        885 871 854 867
237        897 886 871 885
238        911 902 886 897
239        922 914 902 911
240        933 925 914 922
241        403 369 365 402
242        407 371 369 403
243        412 377 371 407
244        415 381 377 412
245        423 390 381 415
246        429 393 390 423
247        442 409 393 429
248        457 422 409 442
249        467 434 422 457
250        483 448 434 467
251        499 464 448 483
252        519 486 464 499
253        540 503 486 519
254        560 527 503 540
255        584 548 527 560
256        610 574 548 584
257        635 602 574 610
258        664 627 602 635
259        692 662 627 664
260        726 684 662 692
261        759 722 684 726
262        787 755 722 759
263        810 788 755 787
264        831 812 788 810
265        854 834 812 831
266        871 856 834 854
267        886 874 856 871
268        902 890 874 886
269        914 903 890 902
270        925 916 903 914
271        369 336 332 365
272        371 338 336 369
273        377 342 338 371
274        381 348 342 377
275        390 355 348 381
276        393 362 355 390
277        409 374 362 393
278        422 388 374 409
279        434 396 388 422
280        448 416 396 434
281        464 432 416 448
282        486 450 432 464
283        503 470 450 486
284        527 495 470 503
285        548 512 495 527
286        574 542 512 548
287        602 568 542 574
288        627 591 568 602
289        662 625 591 627
290        684 659 625 662
291        722 685 659 684
292        755 724 685 722
293        788 763 724 755
294        812 790 763 788
295        834 819 790 812
296        856 842 819 834
297        874 859 842 856
298        890 876 859 874
299        903 893 876 890
300        916 906 893 903
301        336 304 301 332
302        338 305 304 336
303        342 311 305 338
304        348 317 311 342
305        355 321 317 348
306        362 331 321 355
307        374 344 331 362
308        388 357 344 374
309        396 367 357 388
310        416 385 367 396
311        432 399 385 416
312        450 420 399 432
313        470 441 420 450
314        495 462 441 470
315        512 490 462 495
316        542 509 490 512
317        568 537 509 542
318        591 564 537 568
319        625 590 564 591
320        659 626 590 625
321        685 663 626 659
322        724 693 663 685
323        763 730 693 724
324        790 770 730 763
325        819 801 770 790
326        842 822 801 819
327        859 844 822 842
328        876 864 844 859
329        893 882 864 876
330        906 900 882 893
331        304 276 271 301
332        305 279 276 304
333        311 281 279 305
334        317 290 281 311
335        321 294 290 317
336        331 300 294 321
337        344 316 300 331
338        357 324 316 344
339        367 341 324 357
340        385 353 341 367
341        399 373 353 385
342        420 392 373 399
343        441 414 392 420
344        462 430 414 441
345        490 459 430 462
346        509 482 459 490
347        537 508 482 509
348        564 533 508 537
349        590 565 533 564
350        626 592 565 590
351        663 630 592 626
352        693 665 630 663
353        730 705 665 693
354        770 736 705 730
355        801 776 736 770
356        822 805 776 801
357        844 829 805 822
358        864 851 829 844
359        882 873 851 864
360        900 889 873 882
361        276 244 242 271
362        279 250 244 276
363        281 254 250 279
364        290 256 254 281
365        294 264 256 290
366        300 274 264 294
367        316 284 274 300
368        324 295 284 316
369        341 312 295 324
370        353 326 312 341
371        373 345 326 353
372        392 360 345 373
373        414 383 360 392
374        430 404 383 414
375        459 426 404 430
376        482 453 426 459
377        508 477 453 482
378        533 507 477 508
379        565 534 507 533
380        592 569 534 565
381        630 603 569 592
382        665 636 603 630
383        705 670 636 665
384        736 709 670 705
385        776 750 709 736
386        805 785 750 776
387        829 814 785 805
388        851 839 814 829
389        873 861 839 851
390        889 879 861 873
391        244 218 216 242
392        250 220 218 244
393        254 225 220 250
394        256 232 225 254
395        264 237 232 256
396        274 248 237 264
397        284 258 248 274
398        295 269 258 284
399        312 282 269 295
400        326 297 282 312
401        345 319 297 326
402        360 334 319 345
403        383 358 334 360
404        404 379 358 383
405        426 397 379 404
406        453 425 397 426
407        477 455 425 453
408        507 479 455 477
409        534 510 479 507
410        569 543 510 534
411        603 576 543 569
412        636 612 576 603
413        670 646 612 636
414        709 681 646 670
415        750 721 681 709
416        785 766 721 750
417        814 798 766 785
418        839 825 798 814
419        861 848 825 839
420        879 869 848 861
421        218 195 191 216
422        220 197 195 218
423        225 203 197 220
424        232 205 203 225
425        237 214 205 232
426        248 224 214 237
427        258 234 224 248
428        269 243 234 258
429        282 261 243 269
430        297 277 261 282
431        319 292 277 297
432        334 310 292 319
433        358 329 310 334
434        379 350 329 358
435        397 378 350 379
436        425 398 378 397
437        455 427 398 425
438        479 458 427 455
439        510 489 458 479
440        543 513 489 510
441        576 549 513 543
442        612 585 549 576
443        646 621 585 612
444        681 661 621 646
445        721 703 661 681
446        766 739 703 721
447        798 780 739 766
448        825 807 780 798
449        848 833 807 825
450        869 858 833 848
451        195 169 168 191
452        197 172 169 195
453        203 178 172 197
454        205 182 178 203
455        214 186 182 205
456        224 198 186 214
457        234 210 198 224
458        243 222 210 234
459        261 236 222 243
460        277 253 236 261
461        292 266 253 277
462        310 288 266 292
463        329 308 288 310
464        350 327 308 329
465        378 351 327 350
466        398 380 351 378
467        427 405 380 398
468        458 428 405 427
469        489 463 428 458
470        513 496 463 489
471        549 528 496 513
472        585 562 528 549
473        621 598 562 585
474        661 634 598 621
475        703 677 634 661
476        739 715 677 703
477        780 760 715 739
478        807 793 760 780
479        833 823 793 807
480        858 846 823 833
481        169 149 145 168
482        172 151 149 169
483        178 153 151 172
484        182 160 153 178
485        186 166 160 182
486        198 179 166 186
487        210 184 179 198
488        222 200 184 210
489        236 212 200 222
490        253 229 212 236
491        266 245 229 253
492        288 262 245 266
493        308 286 262 288
494        327 307 286 308
495        351 328 307 327
496        380 359 328 351
497        405 384 359 380
498        428 411 384 405
499        463 438 411 428
500        496 471 438 463
501        528 504 471 496
502        562 541 504 528
503        598 578 541 562
504        634 615 578 598
505        677 653 615 634
506        715 694 653 677
507        760 732 694 715
508        793 777 732 760
509        823 809 777 793
510        846 838 809 823
511        149 124 123 145
512        151 130 124 149
513        153 134 130 151
514        160 138 134 153
515        166 146 138 160
516        179 156 146 166
517        184 163 156 179
518        200 181 163 184
519        212 193 181 200
520        229 207 193 212
521        245 226 207 229
522        262 239 226 245
523        286 263 239 262
524        307 289 263 286
525        328 309 289 307
526        359 335 309 328
527        384 361 335 359
528        411 391 361 384
529        438 419 391 411
530        471 451 419 438
531        504 488 451 471
532        541 520 488 504
533        578 550 520 541
534        615 589 550 578
535        653 631 589 615
536        694 675 631 653
537        732 716 675 694
538        777 762 716 732
539        809 799 762 777
540        838 827 799 809
541        124 107 105 123
542        130 109 107 124
543        134 114 109 130
544        138 121 114 134
545        146 128 121 138
546        156 136 128 146
547        163 147 136 156
548        181 162 147 163
549        193 174 162 181
550        207 188 174 193
551        226 206 188 207
552        239 227 206 226
553        263 246 227 239
554        289 267 246 263
555        309 291 267 289
556        335 320 291 309
557        361 346 320 335
558        391 370 346 361
559        419 400 370 391
560        451 433 400 419
561        488 465 433 451
562        520 500 465 488
563        550 535 500 520
564        589 577 535 550
565        631 618 577 589
566        675 656 618 631
567        716 702 656 675
568        762 744 702 716
569        799 782 744 762
570        827 817 782 799
571        107 91 87 105
572        109 94 91 107
573        114 98 94 109
574        121 101 98 114
575        128 110 101 121
576        136 118 110 128
577        147 133 118 136
578        162 142 133 147
579        174 157 142 162
580        188 173 157 174
581        206 189 173 188
582        227 208 189 206
583        246 230 208 227
584        267 252 230 246
585        291 273 252 267
586        320 298 273 291
587        346 325 298 320
588        370 352 325 346
589        400 386 352 370
590        433 418 386 400
591        465 449 418 433
592        500 484 449 465
593        535 524 484 500
594        577 554 524 535
595        618 596 554 577
596        656 638 596 618
597        702 679 638 656
598        744 725 679 702
599        782 772 725 744
600        817 804 772 782
601        91 75 73 87
602        94 78 75 91
603        98 82 78 94
604        101 85 82 98
605        110 96 85 101
606        118 104 96 110
607        133 115 104 118
608        142 125 115 133
609        157 140 125 142
610        173 158 140 157
611        189 175 158 173
612        208 192 175 189
613        230 213 192 208
614        252 235 213 230
615        273 260 235 252
616        298 283 260 273
617        325 314 283 298
618        352 340 314 325
619        386 368 340 352
620        418 395 368 386
621        449 435 395 418
622        484 466 435 449
623        524 501 466 484
624        554 545 501 524
625        596 582 545 554
626        638 624 582 596
627        679 669 624 638
628        725 710 669 679
629        772 754 710 725
630        804 795 754 772
631        75 60 58 73
632        78 64 60 75
633        82 67 64 78
634        85 70 67 82
635        96 81 70 85
636        104 90 81 96
637        115 99 90 104
638        125 113 99 115
639        140 127 113 125
640        158 141 127 140
641        175 161 141 158
642        192 180 161 175
643        213 201 180 192
644        235 221 201 213
645        260 240 221 235
646        283 268 240 260
647        314 296 268 283
648        340 323 296 314
649        368 356 323 340
650        395 387 356 368
651        435 421 387 395
652        466 456 421 435
653        501 493 456 466
654        545 529 493 501
655        582 571 529 545
656        624 611 571 582
657        669 649 611 624
658        710 696 649 669
659        754 746 696 710
660        795 784 746 754
661        60 48 45 58
662        64 52 48 60
663        67 54 52 64
664        70 62 54 67
665        81 68 62 70
666        90 79 68 81
667        99 86 79 90
668        113 100 86 99
669        127 116 100 113
670        141 132 116 127
671        161 150 132 141
672        180 164 150 161
673        201 185 164 180
674        221 209 185 201
675        240 233 209 221
676        268 259 233 240
677        296 285 259 268
678        323 315 285 296
679        356 347 315 323
680        387 375 347 356
681        421 410 375 387
682        456 443 410 421
683        493 476 443 456
684        529 514 476 493
685        571 553 514 529
686        611 593 553 571
687        649 640 593 611
688        696 683 640 649
689        746 727 683 696
690        784 774 727 746
691        48 37 35 45
692        52 39 37 48
693        54 42 39 52
694        62 50 42 54
695        68 56 50 62
696        79 65 56 68
697        86 76 65 79
698        100 88 76 86
699        116 103 88 100
700        132 119 103 116
701        150 137 119 132
702        164 155 137 150
703        185 177 155 164
704        209 199 177 185
705        233 223 199 209
706        259 249 223 233
707        285 275 249 259
708        315 299 275 285
709        347 330 299 315
710        375 363 330 347
711        410 394 363 375
712        443 431 394 410
713        476 468 431 443
714        514 506 468 476
715        553 547 506 514
716        593 587 547 553
717        640 629 587 593
718        683 672 629 640
719        727 719 672 683
720        774 768 719 727
721        37 28 25 35
722        39 29 28 37
723        42 32 29 39
724        50 41 32 42
725        56 46 41 50
726        65 55 46 56
727        76 69 55 65
728        88 80 69 76
729        103 95 80 88
730        119 111 95 103
731        137 129 111 119
732        155 143 129 137
733        177 165 143 155
734        199 187 165 177
735        223 211 187 199
736        249 238 211 223
737        275 265 238 249
738        299 293 265 275
739        330 322 293 299
740        363 354 322 330
741        394 389 354 363
742        431 424 389 394
743        468 460 424 431
744        506 497 460 468
745        547 539 497 506
746        587 581 539 547
747        629 619 581 587
748        672 666 619 629
749        719 713 666 672
750        768 757 713 719
751        28 18 17 25
752        29 21 18 28
753        32 23 21 29
754        41 31 23 32
755        46 40 31 41
756        55 49 40 46
757        69 59 49 55
758        80 71 59 69
759        95 84 71 80
760        111 102 84 95
761        129 120 102 111
762        143 139 120 129
763        165 159 139 143
764        187 183 159 165
765        211 204 183 187
766        238 231 204 211
767        265 257 231 238
768        293 287 257 265
769        322 318 287 293
770        354 349 318 322
771        389 382 349 354
772        424 417 382 389
773        460 452 417 424
774        497 492 452 460
775        539 532 492 497
776        581 573 532 539
777        619 616 573 581
778        666 658 616 619
779        713 707 658 666
780        757 752 707 713
781        18 13 11 17
782        21 15 13 18
783        23 20 15 21
784        31 26 20 23
785        40 33 26 31
786        49 43 33 40
787        59 53 43 49
788        71 66 53 59
789        84 83 66 71
790        102 97 83 84
791        120 117 97 102
792        139 135 117 120
793        159 154 135 139
794        183 176 154 159
795        204 202 176 183
796        231 228 202 204
797        257 255 228 231
798        287 280 255 257
799        318 313 280 287
800        349 343 313 318
801        382 376 343 349
802        417 413 376 382
803        452 447 413 417
804        492 487 447 452
805        532 526 487 492
806        573 567 526 532
807        616 608 567 573
808        658 651 608 616
809        707 700 651 658
810        752 748 700 707
811        13 8 6 11
812        15 9 8 13
813        20 14 9 15
814        26 22 14 20
815        33 30 22 26
816        43 38 30 33
817        53 51 38 43
818        66 63 51 53
819        83 77 63 66
820        97 93 77 83
821        117 112 93 97
822        135 131 112 117
823        154 152 131 135
824        176 171 152 154
825        202 196 171 176
826        228 219 196 202
827        255 251 219 228
828        280 278 251 255
829        313 306 278 280
830        343 339 306 313
831        376 372 339 343
832        413 408 372 376
833        447 445 408 413
834        487 481 445 447
835        526 523 481 487
836        567 563 523 526
837        608 606 563 567
838        651 648 606 608
839        700 695 648 651
840        748 742 695 700
841        8 4 3 6
842        9 7 4 8
843        14 12 7 9
844        22 19 12 14
845        30 27 19 22
846        38 36 27 30
847        51 47 36 38
848        63 61 47 51
849        77 74 61 63
850        93 92 74 77
851        112 108 92 93
852        131 126 108 112
853        152 148 126 131
854        171 170 148 152
855        196 194 170 171
856        219 217 194 196
857        251 247 217 219
858        278 272 247 251
859        306 303 272 278
860        339 337 303 306
861        372 366 337 339
862        408 406 366 372
863        445 440 406 408
864        481 475 440 445
865        523 518 475 481
866        563 559 518 523
867        606 604 559 563
868        648 644 604 606
869        695 689 644 648
870        742 738 689 695
871        4 2 1 3
872        7 5 2 4
873        12 10 5 7
874        19 16 10 12
875        27 24 16 19
876        36 34 24 27
877        47 44 34 36
878        61 57 44 47
879        74 72 57 61
880        92 89 72 74
881        108 106 89 92
882        126 122 106 108
883        148 144 122 126
884        170 167 144 148
885        194 190 167 170
886        217 215 190 194
887        247 241 215 217
888        272 270 241 247
889        303 302 270 272
890        337 333 302 303
891        366 364 333 337
892        406 401 364 366
893        440 436 401 406
894        475 472 436 440
895        518 515 472 475
896        559 556 515 518
897        604 599 556 559
898        644 641 599 604
899        689 686 641 644
900        738 734 686 689
