1         0.0 26.0 0.0
3         0.0 25.0 0.0
6         0.0 24.1666667 0.0
11         0.0 23.3333333 0.0
18         0.0 22.5 0.0
27         0.0 21.6666667 0.0
36         0.0 20.8333333 0.0
46         0.0 20.0 0.0
60         0.0 19.1666667 0.0
74         0.0 18.3333333 0.0
91         0.0 17.5 0.0
107         0.0 16.6666667 0.0
127         0.0 15.8333333 0.0
149         0.0 15.0 0.0
170         0.0 14.1666667 0.0
195         0.0 13.3333333 0.0
218         0.0 12.5 0.0
248         0.0 11.6666667 0.0
276         0.0 10.8333333 0.0
304         0.0 10.0 0.0
337         0.0 9.16666667 0.0
368         0.0 8.33333333 0.0
406         0.0 7.5 0.0
442         0.0 6.66666667 0.0
477         0.0 5.83333333 0.0
520         0.0 5.0 0.0
561         0.0 4.16666667 0.0
605         0.0 3.33333333 0.0
647         0.0 2.5 0.0
692         0.0 1.66666667 0.0
730         25.0 26.0 0.0
731         25.0 25.0 0.0
734         25.0 24.1666667 0.0
741         25.0 23.3333333 0.0
743         0.0 0.833333333 0.0
748         25.0 22.5 0.0
753         25.0 21.6666667 0.0
764         25.0 20.8333333 0.0
772         25.0 20.0 0.0
782         25.0 19.1666667 0.0
784         0.0 0.0 0.0
795         25.0 18.3333333 0.0
808         25.0 17.5 0.0
822         25.0 16.6666667 0.0
834         25.0 15.8333333 0.0
845         25.0 15.0 0.0
857         25.0 14.1666667 0.0
870         25.0 13.3333333 0.0
880         25.0 12.5 0.0
893         25.0 11.6666667 0.0
905         25.0 10.8333333 0.0
916         25.0 10.0 0.0
924         25.0 9.16666667 0.0
935         25.0 8.33333333 0.0
945         25.0 7.5 0.0
954         25.0 6.66666667 0.0
962         25.0 5.83333333 0.0
969         25.0 5.0 0.0
975         25.0 4.16666667 0.0
980         25.0 3.33333333 0.0
984         25.0 2.5 0.0
987         25.0 1.66666667 0.0
990         25.0 0.833333333 0.0
992         25.0 0.0 0.0
