DAT_CURVE NUM#500 
CUSTOM_CURVE
-0.00000
-44.08818
-88.17635
-132.26453
-176.35271
-220.44088
-264.52906
-308.61723
-352.70541
-396.79359
-440.88176
-484.96994
-529.05812
-573.14629
-617.23447
-661.32265
-705.41082
-749.49900
-793.58717
-837.67535
-881.76353
-925.85170
-969.93988
-1014.02806
-1058.11623
-1102.20441
-1146.29259
-1190.38076
-1234.46894
-1278.55711
-1322.64529
-1366.73347
-1410.82164
-1454.90982
-1498.99800
-1543.08617
-1587.17435
-1631.26253
-1675.35070
-1719.43888
-1763.52705
-1807.61523
-1851.70341
-1895.79158
-1939.87976
-1983.96794
-2028.05611
-2072.14429
-2116.23246
-2160.32064
-2204.40882
-2248.49699
-2292.58517
-2336.67335
-2380.76152
-2424.84970
-2468.93788
-2513.02605
-2557.11423
-2601.20240
-2645.29058
-2689.37876
-2733.46693
-2777.55511
-2821.64329
-2865.73146
-2909.81964
-2953.90782
-2997.99599
-3042.08417
-3086.17234
-3130.26052
-3174.34870
-3218.43687
-3262.52505
-3306.61323
-3350.70140
-3394.78958
-3438.87776
-3482.96593
-3527.05411
-3571.14228
-3615.23046
-3659.31864
-3703.40681
-3747.49499
-3791.58317
-3835.67134
-3879.75952
-3923.84770
-3967.93587
-4012.02405
-4056.11222
-4100.20040
-4144.28858
-4188.37675
-4232.46493
-4276.55311
-4320.64128
-4364.72946
-4408.81764
-4452.90581
-4496.99399
-4541.08216
-4585.17034
-4629.25852
-4673.34669
-4717.43487
-4761.52305
-4805.61122
-4849.69940
-4893.78758
-4937.87575
-4981.96393
-5026.05210
-5070.14028
-5114.22846
-5158.31663
-5202.40481
-5246.49299
-5290.58116
-5334.66934
-5378.75752
-5422.84569
-5466.93387
-5511.02204
-5555.11022
-5599.19840
-5643.28657
-5687.37475
-5731.46293
-5775.55110
-5819.63928
-5863.72745
-5907.81563
-5951.90381
-5995.99198
-6040.08016
-6084.16834
-6128.25651
-6172.34469
-6216.43287
-6260.52104
-6304.60922
-6348.69739
-6392.78557
-6436.87375
-6480.96192
-6525.05010
-6569.13828
-6613.22645
-6657.31463
-6701.40281
-6745.49098
-6789.57916
-6833.66733
-6877.75551
-6921.84369
-6965.93186
-7010.02004
-7054.10822
-7098.19639
-7142.28457
-7186.37275
-7230.46092
-7274.54910
-7318.63727
-7362.72545
-7406.81363
-7450.90180
-7494.98998
-7539.07816
-7583.16633
-7627.25451
-7671.34269
-7715.43086
-7759.51904
-7803.60721
-7847.69539
-7891.78357
-7935.87174
-7979.95992
-8024.04810
-8068.13627
-8112.22445
-8156.31263
-8200.40080
-8244.48898
-8288.57715
-8332.66533
-8376.75351
-8420.84168
-8464.92986
-8509.01804
-8553.10621
-8597.19439
-8641.28257
-8685.37074
-8729.45892
-8773.54709
-8817.63527
-8861.72345
-8905.81162
-8949.89980
-8993.98798
-9038.07615
-9082.16433
-9126.25251
-9170.34068
-9214.42886
-9258.51703
-9302.60521
-9346.69339
-9390.78156
-9434.86974
-9478.95792
-9523.04609
-9567.13427
-9611.22244
-9655.31062
-9699.39880
-9743.48697
-9787.57515
-9831.66333
-9875.75150
-9919.83968
-9963.92786
-10008.01603
-10052.10421
-10096.19238
-10140.28056
-10184.36874
-10228.45691
-10272.54509
-10316.63327
-10360.72144
-10404.80962
-10448.89780
-10492.98597
-10537.07415
-10581.16232
-10625.25050
-10669.33868
-10713.42685
-10757.51503
-10801.60321
-10845.69138
-10889.77956
-10933.86774
-10977.95591
-11022.04409
-11066.13226
-11110.22044
-11154.30862
-11198.39679
-11242.48497
-11286.57315
-11330.66132
-11374.74950
-11418.83768
-11462.92585
-11507.01403
-11551.10220
-11595.19038
-11639.27856
-11683.36673
-11727.45491
-11771.54309
-11815.63126
-11859.71944
-11903.80762
-11947.89579
-11991.98397
-12036.07214
-12080.16032
-12124.24850
-12168.33667
-12212.42485
-12256.51303
-12300.60120
-12344.68938
-12388.77756
-12432.86573
-12476.95391
-12521.04208
-12565.13026
-12609.21844
-12653.30661
-12697.39479
-12741.48297
-12785.57114
-12829.65932
-12873.74749
-12917.83567
-12961.92385
-13006.01202
-13050.10020
-13094.18838
-13138.27655
-13182.36473
-13226.45291
-13270.54108
-13314.62926
-13358.71743
-13402.80561
-13446.89379
-13490.98196
-13535.07014
-13579.15832
-13623.24649
-13667.33467
-13711.42285
-13755.51102
-13799.59920
-13843.68737
-13887.77555
-13931.86373
-13975.95190
-14020.04008
-14064.12826
-14108.21643
-14152.30461
-14196.39279
-14240.48096
-14284.56914
-14328.65731
-14372.74549
-14416.83367
-14460.92184
-14505.01002
-14549.09820
-14593.18637
-14637.27455
-14681.36273
-14725.45090
-14769.53908
-14813.62725
-14857.71543
-14901.80361
-14945.89178
-14989.97996
-15034.06814
-15078.15631
-15122.24449
-15166.33267
-15210.42084
-15254.50902
-15298.59719
-15342.68537
-15386.77355
-15430.86172
-15474.94990
-15519.03808
-15563.12625
-15607.21443
-15651.30261
-15695.39078
-15739.47896
-15783.56713
-15827.65531
-15871.74349
-15915.83166
-15959.91984
-16004.00802
-16048.09619
-16092.18437
-16136.27255
-16180.36072
-16224.44890
-16268.53707
-16312.62525
-16356.71343
-16400.80160
-16444.88978
-16488.97796
-16533.06613
-16577.15431
-16621.24248
-16665.33066
-16709.41884
-16753.50701
-16797.59519
-16841.68337
-16885.77154
-16929.85972
-16973.94790
-17018.03607
-17062.12425
-17106.21242
-17150.30060
-17194.38878
-17238.47695
-17282.56513
-17326.65331
-17370.74148
-17414.82966
-17458.91784
-17503.00601
-17547.09419
-17591.18236
-17635.27054
-17679.35872
-17723.44689
-17767.53507
-17811.62325
-17855.71142
-17899.79960
-17943.88778
-17987.97595
-18032.06413
-18076.15230
-18120.24048
-18164.32866
-18208.41683
-18252.50501
-18296.59319
-18340.68136
-18384.76954
-18428.85772
-18472.94589
-18517.03407
-18561.12224
-18605.21042
-18649.29860
-18693.38677
-18737.47495
-18781.56313
-18825.65130
-18869.73948
-18913.82766
-18957.91583
-19002.00401
-19046.09218
-19090.18036
-19134.26854
-19178.35671
-19222.44489
-19266.53307
-19310.62124
-19354.70942
-19398.79760
-19442.88577
-19486.97395
-19531.06212
-19575.15030
-19619.23848
-19663.32665
-19707.41483
-19751.50301
-19795.59118
-19839.67936
-19883.76754
-19927.85571
-19971.94389
-20000.00000
-20000.00000
-20000.00000
-20000.00000
-20000.00000
-20000.00000
-20000.00000
-20000.00000
-20000.00000
-20000.00000
-20000.00000
-20000.00000
-20000.00000
-20000.00000
-20000.00000
-20000.00000
-20000.00000
-20000.00000
-20000.00000
-20000.00000
-20000.00000
-20000.00000
-20000.00000
-20000.00000
-20000.00000
-20000.00000
-20000.00000
-20000.00000
-20000.00000
-20000.00000
-20000.00000
-20000.00000
-20000.00000
-20000.00000
-20000.00000
-20000.00000
-20000.00000
-20000.00000
-20000.00000
-20000.00000
-20000.00000
-20000.00000
-20000.00000
-20000.00000
-20000.00000
-20000.00000
