1        60 59 62 63
2        57 56 59 60
3        54 53 56 57
4        51 50 53 54
5        48 47 50 51
6        45 44 47 48
7        42 41 44 45
8        39 38 41 42
9        36 35 38 39
10        33 32 35 36
11        30 29 32 33
12        27 26 29 30
13        24 23 26 27
14        21 20 23 24
15        18 17 20 21
16        15 14 17 18
17        12 11 14 15
18        9 7 11 12
19        8 4 7 9
20        6 3 4 8
21        59 58 61 62
22        56 55 58 59
23        53 52 55 56
24        50 49 52 53
25        47 46 49 50
26        44 43 46 47
27        41 40 43 44
28        38 37 40 41
29        35 34 37 38
30        32 31 34 35
31        29 28 31 32
32        26 25 28 29
33        23 22 25 26
34        20 19 22 23
35        17 16 19 20
36        14 13 16 17
37        11 10 13 14
38        7 5 10 11
39        4 2 5 7
40        3 1 2 4
