1        336 303 301 332
2        338 305 303 336
3        342 312 305 338
4        348 317 312 342
5        354 321 317 348
6        362 330 321 354
7        368 344 330 362
8        377 356 344 368
9        381 365 356 377
10        391 376 365 381
11        400 385 376 391
12        404 394 385 400
13        412 402 394 404
14        419 410 402 412
15        425 417 410 419
16        430 423 417 425
17        434 428 423 430
18        437 432 428 434
19        439 436 432 437
20        441 440 436 439
21        303 274 270 301
22        305 278 274 303
23        312 280 278 305
24        317 288 280 312
25        321 293 288 317
26        330 300 293 321
27        344 316 300 330
28        356 323 316 344
29        365 341 323 356
30        376 352 341 365
31        385 366 352 376
32        394 379 366 385
33        402 389 379 394
34        410 398 389 402
35        417 408 398 410
36        423 415 408 417
37        428 421 415 423
38        432 427 421 428
39        436 433 427 432
40        440 438 433 436
41        274 246 241 270
42        278 250 246 274
43        280 255 250 278
44        288 256 255 280
45        293 264 256 288
46        300 272 264 293
47        316 284 272 300
48        323 296 284 316
49        341 311 296 323
50        352 326 311 341
51        366 345 326 352
52        379 360 345 366
53        389 374 360 379
54        398 387 374 389
55        408 396 387 398
56        415 407 396 408
57        421 414 407 415
58        427 422 414 421
59        433 429 422 427
60        438 435 429 433
61        246 218 215 241
62        250 221 218 246
63        255 225 221 250
64        256 231 225 255
65        264 237 231 256
66        272 248 237 264
67        284 257 248 272
68        296 269 257 284
69        311 282 269 296
70        326 298 282 311
71        345 319 298 326
72        360 335 319 345
73        374 357 335 360
74        387 371 357 374
75        396 383 371 387
76        407 395 383 396
77        414 406 395 407
78        422 416 406 414
79        429 424 416 422
80        435 431 424 429
81        218 195 191 215
82        221 197 195 218
83        225 203 197 221
84        231 205 203 225
85        237 212 205 231
86        248 223 212 237
87        257 233 223 248
88        269 243 233 257
89        282 260 243 269
90        298 275 260 282
91        319 291 275 298
92        335 310 291 319
93        357 329 310 335
94        371 351 329 357
95        383 370 351 371
96        395 384 370 383
97        406 397 384 395
98        416 409 397 406
99        424 418 409 416
100        431 426 418 424
101        195 169 167 191
102        197 172 169 195
103        203 176 172 197
104        205 182 176 203
105        212 187 182 205
106        223 198 187 212
107        233 209 198 223
108        243 219 209 233
109        260 235 219 243
110        275 253 235 260
111        291 266 253 275
112        310 289 266 291
113        329 307 289 310
114        351 327 307 329
115        370 350 327 351
116        384 372 350 370
117        397 388 372 384
118        409 399 388 397
119        418 411 399 409
120        426 420 411 418
121        169 148 144 167
122        172 152 148 169
123        176 154 152 172
124        182 161 154 176
125        187 166 161 182
126        198 177 166 187
127        209 185 177 198
128        219 201 185 209
129        235 213 201 219
130        253 230 213 235
131        266 247 230 253
132        289 263 247 266
133        307 285 263 289
134        327 308 285 307
135        350 328 308 327
136        372 359 328 350
137        388 373 359 372
138        399 390 373 388
139        411 403 390 399
140        420 413 403 411
141        148 124 122 144
142        152 130 124 148
143        154 134 130 152
144        161 138 134 154
145        166 143 138 161
146        177 156 143 166
147        185 163 156 177
148        201 180 163 185
149        213 193 180 201
150        230 208 193 213
151        247 226 208 230
152        263 239 226 247
153        285 262 239 263
154        308 287 262 285
155        328 309 287 308
156        359 334 309 328
157        373 361 334 359
158        390 380 361 373
159        403 393 380 390
160        413 405 393 403
161        124 107 105 122
162        130 110 107 124
163        134 117 110 130
164        138 120 117 134
165        143 128 120 138
166        156 136 128 143
167        163 149 136 156
168        180 160 149 163
169        193 174 160 180
170        208 189 174 193
171        226 206 189 208
172        239 227 206 226
173        262 244 227 239
174        287 267 244 262
175        309 292 267 287
176        334 320 292 309
177        361 346 320 334
178        380 367 346 361
179        393 386 367 380
180        405 401 386 393
181        107 91 88 105
182        110 93 91 107
183        117 97 93 110
184        120 101 97 117
185        128 109 101 120
186        136 118 109 128
187        149 132 118 136
188        160 141 132 149
189        174 157 141 160
190        189 173 157 174
191        206 186 173 189
192        227 207 186 206
193        244 229 207 227
194        267 252 229 244
195        292 273 252 267
196        320 297 273 292
197        346 325 297 320
198        367 353 325 346
199        386 375 353 367
200        401 392 375 386
201        91 74 72 88
202        93 77 74 91
203        97 82 77 93
204        101 84 82 97
205        109 95 84 101
206        118 103 95 109
207        132 114 103 118
208        141 125 114 132
209        157 140 125 141
210        173 158 140 157
211        186 175 158 173
212        207 190 175 186
213        229 211 190 207
214        252 236 211 229
215        273 261 236 252
216        297 283 261 273
217        325 313 283 297
218        353 340 313 325
219        375 364 340 353
220        392 382 364 375
221        74 59 57 72
222        77 63 59 74
223        82 66 63 77
224        84 71 66 82
225        95 80 71 84
226        103 87 80 95
227        114 100 87 103
228        125 113 100 114
229        140 126 113 125
230        158 142 126 140
231        175 162 142 158
232        190 181 162 175
233        211 200 181 190
234        236 220 200 211
235        261 240 220 236
236        283 268 240 261
237        313 295 268 283
238        340 324 295 313
239        364 358 324 340
240        382 378 358 364
241        59 47 44 57
242        63 52 47 59
243        66 53 52 63
244        71 61 53 66
245        80 68 61 71
246        87 79 68 80
247        100 86 79 87
248        113 99 86 100
249        126 115 99 113
250        142 133 115 126
251        162 150 133 142
252        181 164 150 162
253        200 184 164 181
254        220 210 184 200
255        240 234 210 220
256        268 258 234 240
257        295 286 258 268
258        324 315 286 295
259        358 347 315 324
260        378 369 347 358
261        47 36 35 44
262        52 39 36 47
263        53 42 39 52
264        61 50 42 53
265        68 55 50 61
266        79 65 55 68
267        86 76 65 79
268        99 90 76 86
269        115 104 90 99
270        133 119 104 115
271        150 137 119 133
272        164 155 137 150
273        184 178 155 164
274        210 199 178 184
275        234 224 199 210
276        258 249 224 234
277        286 277 249 258
278        315 299 277 286
279        347 331 299 315
280        369 363 331 347
281        36 27 24 35
282        39 30 27 36
283        42 33 30 39
284        50 40 33 42
285        55 48 40 50
286        65 56 48 55
287        76 69 56 65
288        90 81 69 76
289        104 96 81 90
290        119 111 96 104
291        137 129 111 119
292        155 146 129 137
293        178 165 146 155
294        199 188 165 178
295        224 214 188 199
296        249 238 214 224
297        277 265 238 249
298        299 294 265 277
299        331 322 294 299
300        363 355 322 331
301        27 18 16 24
302        30 21 18 27
303        33 23 21 30
304        40 31 23 33
305        48 41 31 40
306        56 49 41 48
307        69 60 49 56
308        81 70 60 69
309        96 85 70 81
310        111 102 85 96
311        129 121 102 111
312        146 139 121 129
313        165 159 139 146
314        188 183 159 165
315        214 204 183 188
316        238 232 204 214
317        265 259 232 238
318        294 290 259 265
319        322 318 290 294
320        355 349 318 322
321        18 12 11 16
322        21 15 12 18
323        23 20 15 21
324        31 26 20 23
325        41 32 26 31
326        49 43 32 41
327        60 54 43 49
328        70 67 54 60
329        85 83 67 70
330        102 98 83 85
331        121 116 98 102
332        139 135 116 121
333        159 153 135 139
334        183 179 153 159
335        204 202 179 183
336        232 228 202 204
337        259 254 228 232
338        290 281 254 259
339        318 314 281 290
340        349 343 314 318
341        12 8 5 11
342        15 9 8 12
343        20 14 9 15
344        26 22 14 20
345        32 29 22 26
346        43 38 29 32
347        54 51 38 43
348        67 64 51 54
349        83 78 64 67
350        98 94 78 83
351        116 112 94 98
352        135 131 112 116
353        153 151 131 135
354        179 171 151 153
355        202 196 171 179
356        228 222 196 202
357        254 251 222 228
358        281 279 251 254
359        314 306 279 281
360        343 339 306 314
361        8 4 3 5
362        9 7 4 8
363        14 13 7 9
364        22 19 13 14
365        29 28 19 22
366        38 37 28 29
367        51 46 37 38
368        64 62 46 51
369        78 75 62 64
370        94 92 75 78
371        112 108 92 94
372        131 127 108 112
373        151 147 127 131
374        171 170 147 151
375        196 194 170 171
376        222 217 194 196
377        251 245 217 222
378        279 276 245 251
379        306 304 276 279
380        339 337 304 306
381        4 2 1 3
382        7 6 2 4
383        13 10 6 7
384        19 17 10 13
385        28 25 17 19
386        37 34 25 28
387        46 45 34 37
388        62 58 45 46
389        75 73 58 62
390        92 89 73 75
391        108 106 89 92
392        127 123 106 108
393        147 145 123 127
394        170 168 145 147
395        194 192 168 170
396        217 216 192 194
397        245 242 216 217
398        276 271 242 245
399        304 302 271 276
400        337 333 302 304
