812         1.5 0.0 0.0
813         1.4 0.0 0.0
815         1.3 0.0 0.0
816         1.2 0.0 0.0
818         1.1 0.0 0.0
821         1.0 0.0 0.0
824         0.9 0.0 0.0
827         0.8 0.0 0.0
830         0.7 0.0 0.0
833         0.6 0.0 0.0
837         0.5 0.0 0.0
840         0.4 0.0 0.0
843         0.3 0.0 0.0
846         0.2 0.0 0.0
849         0.1 0.0 0.0
852         0.0 0.0 0.0
855         -0.1 0.0 0.0
857         -0.2 0.0 0.0
859         -0.3 0.0 0.0
860         -0.4 0.0 0.0
861         -0.5 0.0 0.0
