2001        4 2 1 3
2002        7 5 2 4
2003        11 10 5 7
2004        14 13 10 11
2005        17 16 13 14
2006        20 19 16 17
2007        23 22 19 20
2008        26 25 22 23
2009        29 28 25 26
2010        32 31 28 29
2011        35 34 31 32
2012        38 37 34 35
2013        41 40 37 38
2014        44 43 40 41
2015        47 46 43 44
2016        50 49 46 47
2017        53 52 49 50
2018        56 55 52 53
2019        59 58 55 56
2020        62 61 58 59
2021        65 64 61 62
2022        68 67 64 65
2023        71 70 67 68
2024        74 73 70 71
2025        77 76 73 74
2026        80 79 76 77
2027        83 82 79 80
2028        86 85 82 83
2029        89 88 85 86
2030        92 91 88 89
2031        95 94 91 92
2032        98 97 94 95
2033        101 100 97 98
2034        104 103 100 101
2035        107 106 103 104
2036        110 109 106 107
2037        113 112 109 110
2038        116 115 112 113
2039        119 118 115 116
2040        122 121 118 119
2041        125 124 121 122
2042        128 127 124 125
2043        131 130 127 128
2044        134 133 130 131
2045        137 136 133 134
2046        140 139 136 137
2047        143 142 139 140
2048        146 145 142 143
2049        149 148 145 146
2050        152 151 148 149
2051        155 154 151 152
2052        158 157 154 155
2053        161 160 157 158
2054        164 163 160 161
2055        167 166 163 164
2056        170 169 166 167
2057        173 172 169 170
2058        176 175 172 173
2059        179 178 175 176
2060        182 181 178 179
2061        185 184 181 182
2062        188 187 184 185
2063        191 190 187 188
2064        194 193 190 191
2065        197 196 193 194
2066        200 199 196 197
2067        203 202 199 200
2068        206 205 202 203
2069        209 208 205 206
2070        212 211 208 209
2071        215 214 211 212
2072        218 217 214 215
2073        221 220 217 218
2074        224 223 220 221
2075        227 226 223 224
2076        230 229 226 227
2077        233 232 229 230
2078        236 235 232 233
2079        239 238 235 236
2080        242 241 238 239
2081        245 244 241 242
2082        248 247 244 245
2083        251 250 247 248
2084        254 253 250 251
2085        257 256 253 254
2086        260 259 256 257
2087        263 262 259 260
2088        266 265 262 263
2089        269 268 265 266
2090        272 271 268 269
2091        275 274 271 272
2092        278 277 274 275
2093        281 280 277 278
2094        284 283 280 281
2095        287 286 283 284
2096        290 289 286 287
2097        293 292 289 290
2098        296 295 292 293
2099        299 298 295 296
2100        302 301 298 299
2101        305 304 301 302
2102        308 307 304 305
2103        311 310 307 308
2104        314 313 310 311
2105        317 316 313 314
2106        320 319 316 317
2107        323 322 319 320
2108        326 325 322 323
2109        329 328 325 326
2110        332 331 328 329
2111        335 334 331 332
2112        338 337 334 335
2113        341 340 337 338
2114        344 343 340 341
2115        347 346 343 344
2116        350 349 346 347
2117        353 352 349 350
2118        356 355 352 353
2119        359 358 355 356
2120        362 361 358 359
2121        365 364 361 362
2122        368 367 364 365
2123        371 370 367 368
2124        374 373 370 371
2125        377 376 373 374
2126        380 379 376 377
2127        383 382 379 380
2128        386 385 382 383
2129        389 388 385 386
2130        392 391 388 389
2131        395 394 391 392
2132        398 397 394 395
2133        401 400 397 398
2134        404 403 400 401
2135        407 406 403 404
2136        410 409 406 407
2137        413 412 409 410
2138        416 415 412 413
2139        419 418 415 416
2140        422 421 418 419
2141        425 424 421 422
2142        428 427 424 425
2143        431 430 427 428
2144        434 433 430 431
2145        437 436 433 434
2146        440 439 436 437
2147        443 442 439 440
2148        446 445 442 443
2149        449 448 445 446
2150        452 451 448 449
2151        455 454 451 452
2152        458 457 454 455
2153        461 460 457 458
2154        464 463 460 461
2155        467 466 463 464
2156        470 469 466 467
2157        473 472 469 470
2158        476 475 472 473
2159        479 478 475 476
2160        482 481 478 479
2161        485 484 481 482
2162        488 487 484 485
2163        491 490 487 488
2164        494 493 490 491
2165        497 496 493 494
2166        500 499 496 497
2167        503 502 499 500
2168        506 505 502 503
2169        509 508 505 506
2170        512 511 508 509
2171        515 514 511 512
2172        518 517 514 515
2173        521 520 517 518
2174        524 523 520 521
2175        527 526 523 524
2176        530 529 526 527
2177        533 532 529 530
2178        536 535 532 533
2179        539 538 535 536
2180        542 541 538 539
2181        545 544 541 542
2182        548 547 544 545
2183        551 550 547 548
2184        554 553 550 551
2185        557 556 553 554
2186        560 559 556 557
2187        563 562 559 560
2188        566 565 562 563
2189        569 568 565 566
2190        572 571 568 569
2191        575 574 571 572
2192        578 577 574 575
2193        581 580 577 578
2194        584 583 580 581
2195        587 586 583 584
2196        590 589 586 587
2197        593 592 589 590
2198        596 595 592 593
2199        599 598 595 596
2200        602 601 598 599
2201        605 604 601 602
2202        608 607 604 605
2203        611 610 607 608
2204        614 613 610 611
2205        617 616 613 614
2206        620 619 616 617
2207        623 622 619 620
2208        626 625 622 623
2209        629 628 625 626
2210        632 631 628 629
2211        635 634 631 632
2212        638 637 634 635
2213        641 640 637 638
2214        644 643 640 641
2215        647 646 643 644
2216        650 649 646 647
2217        653 652 649 650
2218        656 655 652 653
2219        659 658 655 656
2220        662 661 658 659
2221        665 664 661 662
2222        668 667 664 665
2223        671 670 667 668
2224        674 673 670 671
2225        677 676 673 674
2226        680 679 676 677
2227        683 682 679 680
2228        686 685 682 683
2229        689 688 685 686
2230        692 691 688 689
2231        695 694 691 692
2232        698 697 694 695
2233        701 700 697 698
2234        704 703 700 701
2235        707 706 703 704
2236        710 709 706 707
2237        713 712 709 710
2238        716 715 712 713
2239        719 718 715 716
2240        722 721 718 719
2241        725 724 721 722
2242        728 727 724 725
2243        731 730 727 728
2244        734 733 730 731
2245        737 736 733 734
2246        740 739 736 737
2247        743 742 739 740
2248        746 745 742 743
2249        749 748 745 746
2250        752 751 748 749
2251        755 754 751 752
2252        758 757 754 755
2253        761 760 757 758
2254        764 763 760 761
2255        767 766 763 764
2256        770 769 766 767
2257        773 772 769 770
2258        776 775 772 773
2259        779 778 775 776
2260        782 781 778 779
2261        785 784 781 782
2262        788 787 784 785
2263        791 790 787 788
2264        794 793 790 791
2265        797 796 793 794
2266        800 799 796 797
2267        803 802 799 800
2268        806 805 802 803
2269        809 808 805 806
2270        812 811 808 809
2271        815 814 811 812
2272        818 817 814 815
2273        821 820 817 818
2274        824 823 820 821
2275        827 826 823 824
2276        830 829 826 827
2277        833 832 829 830
2278        836 835 832 833
2279        839 838 835 836
2280        842 841 838 839
2281        845 844 841 842
2282        848 847 844 845
2283        851 850 847 848
2284        854 853 850 851
2285        857 856 853 854
2286        860 859 856 857
2287        863 862 859 860
2288        866 865 862 863
2289        869 868 865 866
2290        872 871 868 869
2291        875 874 871 872
2292        878 877 874 875
2293        881 880 877 878
2294        884 883 880 881
2295        887 886 883 884
2296        890 889 886 887
2297        893 892 889 890
2298        896 895 892 893
2299        899 898 895 896
2300        902 901 898 899
2301        905 904 901 902
2302        908 907 904 905
2303        911 910 907 908
2304        914 913 910 911
2305        917 916 913 914
2306        920 919 916 917
2307        923 922 919 920
2308        926 925 922 923
2309        929 928 925 926
2310        932 931 928 929
2311        935 934 931 932
2312        938 937 934 935
2313        941 940 937 938
2314        944 943 940 941
2315        947 946 943 944
2316        950 949 946 947
2317        953 952 949 950
2318        956 955 952 953
2319        959 958 955 956
2320        962 961 958 959
2321        965 964 961 962
2322        968 967 964 965
2323        971 970 967 968
2324        974 973 970 971
2325        977 976 973 974
2326        980 979 976 977
2327        983 982 979 980
2328        986 985 982 983
2329        989 988 985 986
2330        992 991 988 989
2331        995 994 991 992
2332        998 997 994 995
2333        1001 1000 997 998
2334        1004 1003 1000 1001
2335        1007 1006 1003 1004
2336        1010 1009 1006 1007
2337        1013 1012 1009 1010
2338        1016 1015 1012 1013
2339        1019 1018 1015 1016
2340        1022 1021 1018 1019
2341        1025 1024 1021 1022
2342        1028 1027 1024 1025
2343        1031 1030 1027 1028
2344        1034 1033 1030 1031
2345        1037 1036 1033 1034
2346        1040 1039 1036 1037
2347        1043 1042 1039 1040
2348        1046 1045 1042 1043
2349        1049 1048 1045 1046
2350        1052 1051 1048 1049
2351        1055 1054 1051 1052
2352        1058 1057 1054 1055
2353        1061 1060 1057 1058
2354        1064 1063 1060 1061
2355        1067 1066 1063 1064
2356        1070 1069 1066 1067
2357        1073 1072 1069 1070
2358        1076 1075 1072 1073
2359        1079 1078 1075 1076
2360        1082 1081 1078 1079
2361        1085 1084 1081 1082
2362        1088 1087 1084 1085
2363        1091 1090 1087 1088
2364        1094 1093 1090 1091
2365        1097 1096 1093 1094
2366        1100 1099 1096 1097
2367        1103 1102 1099 1100
2368        1106 1105 1102 1103
2369        1109 1108 1105 1106
2370        1112 1111 1108 1109
2371        1115 1114 1111 1112
2372        1118 1117 1114 1115
2373        1121 1120 1117 1118
2374        1124 1123 1120 1121
2375        1127 1126 1123 1124
2376        1130 1129 1126 1127
2377        1133 1132 1129 1130
2378        1136 1135 1132 1133
2379        1139 1138 1135 1136
2380        1142 1141 1138 1139
2381        1145 1144 1141 1142
2382        1148 1147 1144 1145
2383        1151 1150 1147 1148
2384        1154 1153 1150 1151
2385        1157 1156 1153 1154
2386        1160 1159 1156 1157
2387        1163 1162 1159 1160
2388        1166 1165 1162 1163
2389        1169 1168 1165 1166
2390        1172 1171 1168 1169
2391        1175 1174 1171 1172
2392        1178 1177 1174 1175
2393        1181 1180 1177 1178
2394        1184 1183 1180 1181
2395        1187 1186 1183 1184
2396        1190 1189 1186 1187
2397        1193 1192 1189 1190
2398        1196 1195 1192 1193
2399        1199 1198 1195 1196
2400        1202 1201 1198 1199
2401        1205 1204 1201 1202
2402        1208 1207 1204 1205
2403        1211 1210 1207 1208
2404        1214 1213 1210 1211
2405        1217 1216 1213 1214
2406        1220 1219 1216 1217
2407        1223 1222 1219 1220
2408        1226 1225 1222 1223
2409        1229 1228 1225 1226
2410        1232 1231 1228 1229
2411        1235 1234 1231 1232
2412        1238 1237 1234 1235
2413        1241 1240 1237 1238
2414        1244 1243 1240 1241
2415        1247 1246 1243 1244
2416        1250 1249 1246 1247
2417        1253 1252 1249 1250
2418        1256 1255 1252 1253
2419        1259 1258 1255 1256
2420        1262 1261 1258 1259
2421        1265 1264 1261 1262
2422        1268 1267 1264 1265
2423        1271 1270 1267 1268
2424        1274 1273 1270 1271
2425        1277 1276 1273 1274
2426        1280 1279 1276 1277
2427        1283 1282 1279 1280
2428        1286 1285 1282 1283
2429        1289 1288 1285 1286
2430        1292 1291 1288 1289
2431        1295 1294 1291 1292
2432        1298 1297 1294 1295
2433        1301 1300 1297 1298
2434        1304 1303 1300 1301
2435        1307 1306 1303 1304
2436        1310 1309 1306 1307
2437        1313 1312 1309 1310
2438        1316 1315 1312 1313
2439        1319 1318 1315 1316
2440        1322 1321 1318 1319
2441        1325 1324 1321 1322
2442        1328 1327 1324 1325
2443        1331 1330 1327 1328
2444        1334 1333 1330 1331
2445        1337 1336 1333 1334
2446        1340 1339 1336 1337
2447        1343 1342 1339 1340
2448        1346 1345 1342 1343
2449        1349 1348 1345 1346
2450        1352 1351 1348 1349
2451        1355 1354 1351 1352
2452        1358 1357 1354 1355
2453        1361 1360 1357 1358
2454        1364 1363 1360 1361
2455        1367 1366 1363 1364
2456        1370 1369 1366 1367
2457        1373 1372 1369 1370
2458        1376 1375 1372 1373
2459        1379 1378 1375 1376
2460        1382 1381 1378 1379
2461        1385 1384 1381 1382
2462        1388 1387 1384 1385
2463        1391 1390 1387 1388
2464        1394 1393 1390 1391
2465        1397 1396 1393 1394
2466        1400 1399 1396 1397
2467        1403 1402 1399 1400
2468        1406 1405 1402 1403
2469        1409 1408 1405 1406
2470        1412 1411 1408 1409
2471        1415 1414 1411 1412
2472        1418 1417 1414 1415
2473        1421 1420 1417 1418
2474        1424 1423 1420 1421
2475        1427 1426 1423 1424
2476        1430 1429 1426 1427
2477        1433 1432 1429 1430
2478        1436 1435 1432 1433
2479        1439 1438 1435 1436
2480        1442 1441 1438 1439
2481        1445 1444 1441 1442
2482        1448 1447 1444 1445
2483        1451 1450 1447 1448
2484        1454 1453 1450 1451
2485        1457 1456 1453 1454
2486        1460 1459 1456 1457
2487        1463 1462 1459 1460
2488        1466 1465 1462 1463
2489        1469 1468 1465 1466
2490        1472 1471 1468 1469
2491        1475 1474 1471 1472
2492        1478 1477 1474 1475
2493        1481 1480 1477 1478
2494        1484 1483 1480 1481
2495        1487 1486 1483 1484
2496        1490 1489 1486 1487
2497        1493 1492 1489 1490
2498        1496 1495 1492 1493
2499        1499 1498 1495 1496
2500        1502 1501 1498 1499
2501        1505 1504 1501 1502
2502        1508 1507 1504 1505
2503        1511 1510 1507 1508
2504        1514 1513 1510 1511
2505        1517 1516 1513 1514
2506        1520 1519 1516 1517
2507        1523 1522 1519 1520
2508        1526 1525 1522 1523
2509        1529 1528 1525 1526
2510        1532 1531 1528 1529
2511        1535 1534 1531 1532
2512        1538 1537 1534 1535
2513        1541 1540 1537 1538
2514        1544 1543 1540 1541
2515        1547 1546 1543 1544
2516        1550 1549 1546 1547
2517        1553 1552 1549 1550
2518        1556 1555 1552 1553
2519        1559 1558 1555 1556
2520        1562 1561 1558 1559
2521        1565 1564 1561 1562
2522        1568 1567 1564 1565
2523        1571 1570 1567 1568
2524        1574 1573 1570 1571
2525        1577 1576 1573 1574
2526        1580 1579 1576 1577
2527        1583 1582 1579 1580
2528        1586 1585 1582 1583
2529        1589 1588 1585 1586
2530        1592 1591 1588 1589
2531        1595 1594 1591 1592
2532        1598 1597 1594 1595
2533        1601 1600 1597 1598
2534        1604 1603 1600 1601
2535        1607 1606 1603 1604
2536        1610 1609 1606 1607
2537        1613 1612 1609 1610
2538        1616 1615 1612 1613
2539        1619 1618 1615 1616
2540        1622 1621 1618 1619
2541        1625 1624 1621 1622
2542        1628 1627 1624 1625
2543        1631 1630 1627 1628
2544        1634 1633 1630 1631
2545        1637 1636 1633 1634
2546        1640 1639 1636 1637
2547        1643 1642 1639 1640
2548        1646 1645 1642 1643
2549        1649 1648 1645 1646
2550        1652 1651 1648 1649
2551        1655 1654 1651 1652
2552        1658 1657 1654 1655
2553        1661 1660 1657 1658
2554        1664 1663 1660 1661
2555        1667 1666 1663 1664
2556        1670 1669 1666 1667
2557        1673 1672 1669 1670
2558        1676 1675 1672 1673
2559        1679 1678 1675 1676
2560        1682 1681 1678 1679
2561        1685 1684 1681 1682
2562        1688 1687 1684 1685
2563        1691 1690 1687 1688
2564        1694 1693 1690 1691
2565        1697 1696 1693 1694
2566        1700 1699 1696 1697
2567        1703 1702 1699 1700
2568        1706 1705 1702 1703
2569        1709 1708 1705 1706
2570        1712 1711 1708 1709
2571        1715 1714 1711 1712
2572        1718 1717 1714 1715
2573        1721 1720 1717 1718
2574        1724 1723 1720 1721
2575        1727 1726 1723 1724
2576        1730 1729 1726 1727
2577        1733 1732 1729 1730
2578        1736 1735 1732 1733
2579        1739 1738 1735 1736
2580        1742 1741 1738 1739
2581        1745 1744 1741 1742
2582        1748 1747 1744 1745
2583        1751 1750 1747 1748
2584        1754 1753 1750 1751
2585        1757 1756 1753 1754
2586        1760 1759 1756 1757
2587        1763 1762 1759 1760
2588        1766 1765 1762 1763
2589        1769 1768 1765 1766
2590        1772 1771 1768 1769
2591        1775 1774 1771 1772
2592        1778 1777 1774 1775
2593        1781 1780 1777 1778
2594        1784 1783 1780 1781
2595        1787 1786 1783 1784
2596        1790 1789 1786 1787
2597        1793 1792 1789 1790
2598        1796 1795 1792 1793
2599        1799 1798 1795 1796
2600        1802 1801 1798 1799
2601        1805 1804 1801 1802
2602        1808 1807 1804 1805
2603        1811 1810 1807 1808
2604        1814 1813 1810 1811
2605        1817 1816 1813 1814
2606        1820 1819 1816 1817
2607        1823 1822 1819 1820
2608        1826 1825 1822 1823
2609        1829 1828 1825 1826
2610        1832 1831 1828 1829
2611        1835 1834 1831 1832
2612        1838 1837 1834 1835
2613        1841 1840 1837 1838
2614        1844 1843 1840 1841
2615        1847 1846 1843 1844
2616        1850 1849 1846 1847
2617        1853 1852 1849 1850
2618        1856 1855 1852 1853
2619        1859 1858 1855 1856
2620        1862 1861 1858 1859
2621        1865 1864 1861 1862
2622        1868 1867 1864 1865
2623        1871 1870 1867 1868
2624        1874 1873 1870 1871
2625        1877 1876 1873 1874
2626        1880 1879 1876 1877
2627        1883 1882 1879 1880
2628        1886 1885 1882 1883
2629        1889 1888 1885 1886
2630        1892 1891 1888 1889
2631        1895 1894 1891 1892
2632        1898 1897 1894 1895
2633        1901 1900 1897 1898
2634        1904 1903 1900 1901
2635        1907 1906 1903 1904
2636        1910 1909 1906 1907
2637        1913 1912 1909 1910
2638        1916 1915 1912 1913
2639        1919 1918 1915 1916
2640        1922 1921 1918 1919
2641        1925 1924 1921 1922
2642        1928 1927 1924 1925
2643        1931 1930 1927 1928
2644        1934 1933 1930 1931
2645        1937 1936 1933 1934
2646        1940 1939 1936 1937
2647        1943 1942 1939 1940
2648        1946 1945 1942 1943
2649        1949 1948 1945 1946
2650        1952 1951 1948 1949
2651        1955 1954 1951 1952
2652        1958 1957 1954 1955
2653        1961 1960 1957 1958
2654        1964 1963 1960 1961
2655        1967 1966 1963 1964
2656        1970 1969 1966 1967
2657        1973 1972 1969 1970
2658        1976 1975 1972 1973
2659        1979 1978 1975 1976
2660        1982 1981 1978 1979
2661        1985 1984 1981 1982
2662        1988 1987 1984 1985
2663        1991 1990 1987 1988
2664        1994 1993 1990 1991
2665        1997 1996 1993 1994
2666        2000 1999 1996 1997
2667        2003 2002 1999 2000
2668        2006 2005 2002 2003
2669        2009 2008 2005 2006
2670        2012 2011 2008 2009
2671        2015 2014 2011 2012
2672        2018 2017 2014 2015
2673        2021 2020 2017 2018
2674        2024 2023 2020 2021
2675        2027 2026 2023 2024
2676        2030 2029 2026 2027
2677        2033 2032 2029 2030
2678        2036 2035 2032 2033
2679        2039 2038 2035 2036
2680        2042 2041 2038 2039
2681        2045 2044 2041 2042
2682        2048 2047 2044 2045
2683        2051 2050 2047 2048
2684        2054 2053 2050 2051
2685        2057 2056 2053 2054
2686        2060 2059 2056 2057
2687        2063 2062 2059 2060
2688        2066 2065 2062 2063
2689        2069 2068 2065 2066
2690        2072 2071 2068 2069
2691        2075 2074 2071 2072
2692        2078 2077 2074 2075
2693        2081 2080 2077 2078
2694        2084 2083 2080 2081
2695        2087 2086 2083 2084
2696        2090 2089 2086 2087
2697        2093 2092 2089 2090
2698        2096 2095 2092 2093
2699        2099 2098 2095 2096
2700        2102 2101 2098 2099
2701        2105 2104 2101 2102
2702        2108 2107 2104 2105
2703        2111 2110 2107 2108
2704        2114 2113 2110 2111
2705        2117 2116 2113 2114
2706        2120 2119 2116 2117
2707        2123 2122 2119 2120
2708        2126 2125 2122 2123
2709        2129 2128 2125 2126
2710        2132 2131 2128 2129
2711        2135 2134 2131 2132
2712        2138 2137 2134 2135
2713        2141 2140 2137 2138
2714        2144 2143 2140 2141
2715        2147 2146 2143 2144
2716        2150 2149 2146 2147
2717        2153 2152 2149 2150
2718        2156 2155 2152 2153
2719        2159 2158 2155 2156
2720        2162 2161 2158 2159
2721        2165 2164 2161 2162
2722        2168 2167 2164 2165
2723        2171 2170 2167 2168
2724        2174 2173 2170 2171
2725        2177 2176 2173 2174
2726        2180 2179 2176 2177
2727        2183 2182 2179 2180
2728        2186 2185 2182 2183
2729        2189 2188 2185 2186
2730        2192 2191 2188 2189
2731        2195 2194 2191 2192
2732        2198 2197 2194 2195
2733        2201 2200 2197 2198
2734        2204 2203 2200 2201
2735        2207 2206 2203 2204
2736        2210 2209 2206 2207
2737        2213 2212 2209 2210
2738        2216 2215 2212 2213
2739        2219 2218 2215 2216
2740        2222 2221 2218 2219
2741        2225 2224 2221 2222
2742        2228 2227 2224 2225
2743        2231 2230 2227 2228
2744        2234 2233 2230 2231
2745        2237 2236 2233 2234
2746        2240 2239 2236 2237
2747        2243 2242 2239 2240
2748        2246 2245 2242 2243
2749        2249 2248 2245 2246
2750        2252 2251 2248 2249
2751        2255 2254 2251 2252
2752        2258 2257 2254 2255
2753        2261 2260 2257 2258
2754        2264 2263 2260 2261
2755        2267 2266 2263 2264
2756        2270 2269 2266 2267
2757        2273 2272 2269 2270
2758        2276 2275 2272 2273
2759        2279 2278 2275 2276
2760        2282 2281 2278 2279
2761        2285 2284 2281 2282
2762        2288 2287 2284 2285
2763        2291 2290 2287 2288
2764        2294 2293 2290 2291
2765        2297 2296 2293 2294
2766        2300 2299 2296 2297
2767        2303 2302 2299 2300
2768        2306 2305 2302 2303
2769        2309 2308 2305 2306
2770        2312 2311 2308 2309
2771        2315 2314 2311 2312
2772        2318 2317 2314 2315
2773        2321 2320 2317 2318
2774        2324 2323 2320 2321
2775        2327 2326 2323 2324
2776        2330 2329 2326 2327
2777        2333 2332 2329 2330
2778        2336 2335 2332 2333
2779        2339 2338 2335 2336
2780        2342 2341 2338 2339
2781        2345 2344 2341 2342
2782        2348 2347 2344 2345
2783        2351 2350 2347 2348
2784        2354 2353 2350 2351
2785        2357 2356 2353 2354
2786        2360 2359 2356 2357
2787        2363 2362 2359 2360
2788        2366 2365 2362 2363
2789        2369 2368 2365 2366
2790        2372 2371 2368 2369
2791        2375 2374 2371 2372
2792        2378 2377 2374 2375
2793        2381 2380 2377 2378
2794        2384 2383 2380 2381
2795        2387 2386 2383 2384
2796        2390 2389 2386 2387
2797        2393 2392 2389 2390
2798        2396 2395 2392 2393
2799        2399 2398 2395 2396
2800        2402 2401 2398 2399
2801        2405 2404 2401 2402
2802        2408 2407 2404 2405
2803        2411 2410 2407 2408
2804        2414 2413 2410 2411
2805        2417 2416 2413 2414
2806        2420 2419 2416 2417
2807        2423 2422 2419 2420
2808        2426 2425 2422 2423
2809        2429 2428 2425 2426
2810        2432 2431 2428 2429
2811        2435 2434 2431 2432
2812        2438 2437 2434 2435
2813        2441 2440 2437 2438
2814        2444 2443 2440 2441
2815        2447 2446 2443 2444
2816        2450 2449 2446 2447
2817        2453 2452 2449 2450
2818        2456 2455 2452 2453
2819        2459 2458 2455 2456
2820        2462 2461 2458 2459
2821        2465 2464 2461 2462
2822        2468 2467 2464 2465
2823        2471 2470 2467 2468
2824        2474 2473 2470 2471
2825        2477 2476 2473 2474
2826        2480 2479 2476 2477
2827        2483 2482 2479 2480
2828        2486 2485 2482 2483
2829        2489 2488 2485 2486
2830        2492 2491 2488 2489
2831        2495 2494 2491 2492
2832        2498 2497 2494 2495
2833        2501 2500 2497 2498
2834        2504 2503 2500 2501
2835        2507 2506 2503 2504
2836        2510 2509 2506 2507
2837        2513 2512 2509 2510
2838        2516 2515 2512 2513
2839        2519 2518 2515 2516
2840        2522 2521 2518 2519
2841        2525 2524 2521 2522
2842        2528 2527 2524 2525
2843        2531 2530 2527 2528
2844        2534 2533 2530 2531
2845        2537 2536 2533 2534
2846        2540 2539 2536 2537
2847        2543 2542 2539 2540
2848        2546 2545 2542 2543
2849        2549 2548 2545 2546
2850        2552 2551 2548 2549
2851        2555 2554 2551 2552
2852        2558 2557 2554 2555
2853        2561 2560 2557 2558
2854        2564 2563 2560 2561
2855        2567 2566 2563 2564
2856        2570 2569 2566 2567
2857        2573 2572 2569 2570
2858        2576 2575 2572 2573
2859        2579 2578 2575 2576
2860        2582 2581 2578 2579
2861        2585 2584 2581 2582
2862        2588 2587 2584 2585
2863        2591 2590 2587 2588
2864        2594 2593 2590 2591
2865        2597 2596 2593 2594
2866        2600 2599 2596 2597
2867        2603 2602 2599 2600
2868        2606 2605 2602 2603
2869        2609 2608 2605 2606
2870        2612 2611 2608 2609
2871        2615 2614 2611 2612
2872        2618 2617 2614 2615
2873        2621 2620 2617 2618
2874        2624 2623 2620 2621
2875        2627 2626 2623 2624
2876        2630 2629 2626 2627
2877        2633 2632 2629 2630
2878        2636 2635 2632 2633
2879        2639 2638 2635 2636
2880        2642 2641 2638 2639
2881        2645 2644 2641 2642
2882        2648 2647 2644 2645
2883        2651 2650 2647 2648
2884        2654 2653 2650 2651
2885        2657 2656 2653 2654
2886        2660 2659 2656 2657
2887        2663 2662 2659 2660
2888        2666 2665 2662 2663
2889        2669 2668 2665 2666
2890        2672 2671 2668 2669
2891        2675 2674 2671 2672
2892        2678 2677 2674 2675
2893        2681 2680 2677 2678
2894        2684 2683 2680 2681
2895        2687 2686 2683 2684
2896        2690 2689 2686 2687
2897        2693 2692 2689 2690
2898        2696 2695 2692 2693
2899        2699 2698 2695 2696
2900        2702 2701 2698 2699
2901        2705 2704 2701 2702
2902        2708 2707 2704 2705
2903        2711 2710 2707 2708
2904        2714 2713 2710 2711
2905        2717 2716 2713 2714
2906        2720 2719 2716 2717
2907        2723 2722 2719 2720
2908        2726 2725 2722 2723
2909        2729 2728 2725 2726
2910        2732 2731 2728 2729
2911        2735 2734 2731 2732
2912        2738 2737 2734 2735
2913        2741 2740 2737 2738
2914        2744 2743 2740 2741
2915        2747 2746 2743 2744
2916        2750 2749 2746 2747
2917        2753 2752 2749 2750
2918        2756 2755 2752 2753
2919        2759 2758 2755 2756
2920        2762 2761 2758 2759
2921        2765 2764 2761 2762
2922        2768 2767 2764 2765
2923        2771 2770 2767 2768
2924        2774 2773 2770 2771
2925        2777 2776 2773 2774
2926        2780 2779 2776 2777
2927        2783 2782 2779 2780
2928        2786 2785 2782 2783
2929        2789 2788 2785 2786
2930        2792 2791 2788 2789
2931        2795 2794 2791 2792
2932        2798 2797 2794 2795
2933        2801 2800 2797 2798
2934        2804 2803 2800 2801
2935        2807 2806 2803 2804
2936        2810 2809 2806 2807
2937        2813 2812 2809 2810
2938        2816 2815 2812 2813
2939        2819 2818 2815 2816
2940        2822 2821 2818 2819
2941        2825 2824 2821 2822
2942        2828 2827 2824 2825
2943        2831 2830 2827 2828
2944        2834 2833 2830 2831
2945        2837 2836 2833 2834
2946        2840 2839 2836 2837
2947        2843 2842 2839 2840
2948        2846 2845 2842 2843
2949        2849 2848 2845 2846
2950        2852 2851 2848 2849
2951        2855 2854 2851 2852
2952        2858 2857 2854 2855
2953        2861 2860 2857 2858
2954        2864 2863 2860 2861
2955        2867 2866 2863 2864
2956        2870 2869 2866 2867
2957        2873 2872 2869 2870
2958        2876 2875 2872 2873
2959        2879 2878 2875 2876
2960        2882 2881 2878 2879
2961        2885 2884 2881 2882
2962        2888 2887 2884 2885
2963        2891 2890 2887 2888
2964        2894 2893 2890 2891
2965        2897 2896 2893 2894
2966        2900 2899 2896 2897
2967        2903 2902 2899 2900
2968        2906 2905 2902 2903
2969        2909 2908 2905 2906
2970        2912 2911 2908 2909
2971        2915 2914 2911 2912
2972        2918 2917 2914 2915
2973        2921 2920 2917 2918
2974        2924 2923 2920 2921
2975        2927 2926 2923 2924
2976        2930 2929 2926 2927
2977        2933 2932 2929 2930
2978        2936 2935 2932 2933
2979        2939 2938 2935 2936
2980        2942 2941 2938 2939
2981        2945 2944 2941 2942
2982        2948 2947 2944 2945
2983        2951 2950 2947 2948
2984        2954 2953 2950 2951
2985        2957 2956 2953 2954
2986        2960 2959 2956 2957
2987        2963 2962 2959 2960
2988        2966 2965 2962 2963
2989        2969 2968 2965 2966
2990        2972 2971 2968 2969
2991        2975 2974 2971 2972
2992        2978 2977 2974 2975
2993        2981 2980 2977 2978
2994        2984 2983 2980 2981
2995        2987 2986 2983 2984
2996        2990 2989 2986 2987
2997        2993 2992 2989 2990
2998        2996 2995 2992 2993
2999        2999 2998 2995 2996
3000        3002 3001 2998 2999
3001        3005 3004 3001 3002
3002        3008 3007 3004 3005
3003        3011 3010 3007 3008
3004        3014 3013 3010 3011
3005        3017 3016 3013 3014
3006        3020 3019 3016 3017
3007        3023 3022 3019 3020
3008        3026 3025 3022 3023
3009        3029 3028 3025 3026
3010        3032 3031 3028 3029
3011        3035 3034 3031 3032
3012        3038 3037 3034 3035
3013        3041 3040 3037 3038
3014        3044 3043 3040 3041
3015        3047 3046 3043 3044
3016        3050 3049 3046 3047
3017        3053 3052 3049 3050
3018        3056 3055 3052 3053
3019        3059 3058 3055 3056
3020        3062 3061 3058 3059
3021        3065 3064 3061 3062
3022        3068 3067 3064 3065
3023        3071 3070 3067 3068
3024        3074 3073 3070 3071
3025        3077 3076 3073 3074
3026        3080 3079 3076 3077
3027        3083 3082 3079 3080
3028        3086 3085 3082 3083
3029        3089 3088 3085 3086
3030        3092 3091 3088 3089
3031        3095 3094 3091 3092
3032        3098 3097 3094 3095
3033        3101 3100 3097 3098
3034        3104 3103 3100 3101
3035        3107 3106 3103 3104
3036        3110 3109 3106 3107
3037        3113 3112 3109 3110
3038        3116 3115 3112 3113
3039        3119 3118 3115 3116
3040        3122 3121 3118 3119
3041        3125 3124 3121 3122
3042        3128 3127 3124 3125
3043        3131 3130 3127 3128
3044        3134 3133 3130 3131
3045        3137 3136 3133 3134
3046        3140 3139 3136 3137
3047        3143 3142 3139 3140
3048        3146 3145 3142 3143
3049        3149 3148 3145 3146
3050        3152 3151 3148 3149
3051        3155 3154 3151 3152
3052        3158 3157 3154 3155
3053        3161 3160 3157 3158
3054        3164 3163 3160 3161
3055        3167 3166 3163 3164
3056        3170 3169 3166 3167
3057        3173 3172 3169 3170
3058        3176 3175 3172 3173
3059        3179 3178 3175 3176
3060        3182 3181 3178 3179
3061        3185 3184 3181 3182
3062        3188 3187 3184 3185
3063        3191 3190 3187 3188
3064        3194 3193 3190 3191
3065        3197 3196 3193 3194
3066        3200 3199 3196 3197
3067        3203 3202 3199 3200
3068        3206 3205 3202 3203
3069        3209 3208 3205 3206
3070        3212 3211 3208 3209
3071        3215 3214 3211 3212
3072        3218 3217 3214 3215
3073        3221 3220 3217 3218
3074        3224 3223 3220 3221
3075        3227 3226 3223 3224
3076        3230 3229 3226 3227
3077        3233 3232 3229 3230
3078        3236 3235 3232 3233
3079        3239 3238 3235 3236
3080        3242 3241 3238 3239
3081        3245 3244 3241 3242
3082        3248 3247 3244 3245
3083        3251 3250 3247 3248
3084        3254 3253 3250 3251
3085        3257 3256 3253 3254
3086        3260 3259 3256 3257
3087        3263 3262 3259 3260
3088        3266 3265 3262 3263
3089        3269 3268 3265 3266
3090        3272 3271 3268 3269
3091        3275 3274 3271 3272
3092        3278 3277 3274 3275
3093        3281 3280 3277 3278
3094        3284 3283 3280 3281
3095        3287 3286 3283 3284
3096        3290 3289 3286 3287
3097        3293 3292 3289 3290
3098        3296 3295 3292 3293
3099        3299 3298 3295 3296
3100        3302 3301 3298 3299
3101        3305 3304 3301 3302
3102        3308 3307 3304 3305
3103        3311 3310 3307 3308
3104        3314 3313 3310 3311
3105        3317 3316 3313 3314
3106        3320 3319 3316 3317
3107        3323 3322 3319 3320
3108        3326 3325 3322 3323
3109        3329 3328 3325 3326
3110        3332 3331 3328 3329
3111        3335 3334 3331 3332
3112        3338 3337 3334 3335
3113        3341 3340 3337 3338
3114        3344 3343 3340 3341
3115        3347 3346 3343 3344
3116        3350 3349 3346 3347
3117        3353 3352 3349 3350
3118        3356 3355 3352 3353
3119        3359 3358 3355 3356
3120        3362 3361 3358 3359
3121        3365 3364 3361 3362
3122        3368 3367 3364 3365
3123        3371 3370 3367 3368
3124        3374 3373 3370 3371
3125        3377 3376 3373 3374
3126        3380 3379 3376 3377
3127        3383 3382 3379 3380
3128        3386 3385 3382 3383
3129        3389 3388 3385 3386
3130        3392 3391 3388 3389
3131        3395 3394 3391 3392
3132        3398 3397 3394 3395
3133        3401 3400 3397 3398
3134        3404 3403 3400 3401
3135        3407 3406 3403 3404
3136        3410 3409 3406 3407
3137        3413 3412 3409 3410
3138        3416 3415 3412 3413
3139        3419 3418 3415 3416
3140        3422 3421 3418 3419
3141        3425 3424 3421 3422
3142        3428 3427 3424 3425
3143        3431 3430 3427 3428
3144        3434 3433 3430 3431
3145        3437 3436 3433 3434
3146        3440 3439 3436 3437
3147        3443 3442 3439 3440
3148        3446 3445 3442 3443
3149        3449 3448 3445 3446
3150        3452 3451 3448 3449
3151        3455 3454 3451 3452
3152        3458 3457 3454 3455
3153        3461 3460 3457 3458
3154        3464 3463 3460 3461
3155        3467 3466 3463 3464
3156        3470 3469 3466 3467
3157        3473 3472 3469 3470
3158        3476 3475 3472 3473
3159        3479 3478 3475 3476
3160        3482 3481 3478 3479
3161        3485 3484 3481 3482
3162        3488 3487 3484 3485
3163        3491 3490 3487 3488
3164        3494 3493 3490 3491
3165        3497 3496 3493 3494
3166        3500 3499 3496 3497
3167        3503 3502 3499 3500
3168        3506 3505 3502 3503
3169        3509 3508 3505 3506
3170        3512 3511 3508 3509
3171        3515 3514 3511 3512
3172        3518 3517 3514 3515
3173        3521 3520 3517 3518
3174        3524 3523 3520 3521
3175        3527 3526 3523 3524
3176        3530 3529 3526 3527
3177        3533 3532 3529 3530
3178        3536 3535 3532 3533
3179        3539 3538 3535 3536
3180        3542 3541 3538 3539
3181        3545 3544 3541 3542
3182        3548 3547 3544 3545
3183        3551 3550 3547 3548
3184        3554 3553 3550 3551
3185        3557 3556 3553 3554
3186        3560 3559 3556 3557
3187        3563 3562 3559 3560
3188        3566 3565 3562 3563
3189        3569 3568 3565 3566
3190        3572 3571 3568 3569
3191        3575 3574 3571 3572
3192        3578 3577 3574 3575
3193        3581 3580 3577 3578
3194        3584 3583 3580 3581
3195        3587 3586 3583 3584
3196        3590 3589 3586 3587
3197        3593 3592 3589 3590
3198        3596 3595 3592 3593
3199        3599 3598 3595 3596
3200        3602 3601 3598 3599
3201        3605 3604 3601 3602
3202        3608 3607 3604 3605
3203        3611 3610 3607 3608
3204        3614 3613 3610 3611
3205        3617 3616 3613 3614
3206        3620 3619 3616 3617
3207        3623 3622 3619 3620
3208        3626 3625 3622 3623
3209        3629 3628 3625 3626
3210        3632 3631 3628 3629
3211        3635 3634 3631 3632
3212        3638 3637 3634 3635
3213        3641 3640 3637 3638
3214        3644 3643 3640 3641
3215        3647 3646 3643 3644
3216        3650 3649 3646 3647
3217        3653 3652 3649 3650
3218        3656 3655 3652 3653
3219        3659 3658 3655 3656
3220        3662 3661 3658 3659
3221        3665 3664 3661 3662
3222        3668 3667 3664 3665
3223        3671 3670 3667 3668
3224        3674 3673 3670 3671
3225        3677 3676 3673 3674
3226        3680 3679 3676 3677
3227        3683 3682 3679 3680
3228        3686 3685 3682 3683
3229        3689 3688 3685 3686
3230        3692 3691 3688 3689
3231        3695 3694 3691 3692
3232        3698 3697 3694 3695
3233        3701 3700 3697 3698
3234        3704 3703 3700 3701
3235        3707 3706 3703 3704
3236        3710 3709 3706 3707
3237        3713 3712 3709 3710
3238        3716 3715 3712 3713
3239        3719 3718 3715 3716
3240        3722 3721 3718 3719
3241        3725 3724 3721 3722
3242        3728 3727 3724 3725
3243        3731 3730 3727 3728
3244        3734 3733 3730 3731
3245        3737 3736 3733 3734
3246        3740 3739 3736 3737
3247        3743 3742 3739 3740
3248        3746 3745 3742 3743
3249        3749 3748 3745 3746
3250        3752 3751 3748 3749
3251        3755 3754 3751 3752
3252        3758 3757 3754 3755
3253        3761 3760 3757 3758
3254        3764 3763 3760 3761
3255        3767 3766 3763 3764
3256        3770 3769 3766 3767
3257        3773 3772 3769 3770
3258        3776 3775 3772 3773
3259        3779 3778 3775 3776
3260        3782 3781 3778 3779
3261        3785 3784 3781 3782
3262        3788 3787 3784 3785
3263        3791 3790 3787 3788
3264        3794 3793 3790 3791
3265        3797 3796 3793 3794
3266        3800 3799 3796 3797
3267        3803 3802 3799 3800
3268        3806 3805 3802 3803
3269        3809 3808 3805 3806
3270        3812 3811 3808 3809
3271        3815 3814 3811 3812
3272        3818 3817 3814 3815
3273        3821 3820 3817 3818
3274        3824 3823 3820 3821
3275        3827 3826 3823 3824
3276        3830 3829 3826 3827
3277        3833 3832 3829 3830
3278        3836 3835 3832 3833
3279        3839 3838 3835 3836
3280        3842 3841 3838 3839
3281        3845 3844 3841 3842
3282        3848 3847 3844 3845
3283        3851 3850 3847 3848
3284        3854 3853 3850 3851
3285        3857 3856 3853 3854
3286        3860 3859 3856 3857
3287        3863 3862 3859 3860
3288        3866 3865 3862 3863
3289        3869 3868 3865 3866
3290        3872 3871 3868 3869
3291        3875 3874 3871 3872
3292        3878 3877 3874 3875
3293        3881 3880 3877 3878
3294        3884 3883 3880 3881
3295        3887 3886 3883 3884
3296        3890 3889 3886 3887
3297        3893 3892 3889 3890
3298        3896 3895 3892 3893
3299        3899 3898 3895 3896
3300        3902 3901 3898 3899
3301        3905 3904 3901 3902
3302        3908 3907 3904 3905
3303        3911 3910 3907 3908
3304        3914 3913 3910 3911
3305        3917 3916 3913 3914
3306        3920 3919 3916 3917
3307        3923 3922 3919 3920
3308        3926 3925 3922 3923
3309        3929 3928 3925 3926
3310        3932 3931 3928 3929
3311        3935 3934 3931 3932
3312        3938 3937 3934 3935
3313        3941 3940 3937 3938
3314        3944 3943 3940 3941
3315        3947 3946 3943 3944
3316        3950 3949 3946 3947
3317        3953 3952 3949 3950
3318        3956 3955 3952 3953
3319        3959 3958 3955 3956
3320        3962 3961 3958 3959
3321        3965 3964 3961 3962
3322        3968 3967 3964 3965
3323        3971 3970 3967 3968
3324        3974 3973 3970 3971
3325        3977 3976 3973 3974
3326        3980 3979 3976 3977
3327        3983 3982 3979 3980
3328        3986 3985 3982 3983
3329        3989 3988 3985 3986
3330        3992 3991 3988 3989
3331        3995 3994 3991 3992
3332        3998 3997 3994 3995
3333        4001 4000 3997 3998
3334        4004 4003 4000 4001
3335        4007 4006 4003 4004
3336        4010 4009 4006 4007
3337        4013 4012 4009 4010
3338        4016 4015 4012 4013
3339        4019 4018 4015 4016
3340        4022 4021 4018 4019
3341        4025 4024 4021 4022
3342        4028 4027 4024 4025
3343        4031 4030 4027 4028
3344        4034 4033 4030 4031
3345        4037 4036 4033 4034
3346        4040 4039 4036 4037
3347        4043 4042 4039 4040
3348        4046 4045 4042 4043
3349        4049 4048 4045 4046
3350        4052 4051 4048 4049
3351        4055 4054 4051 4052
3352        4058 4057 4054 4055
3353        4061 4060 4057 4058
3354        4064 4063 4060 4061
3355        4067 4066 4063 4064
3356        4070 4069 4066 4067
3357        4073 4072 4069 4070
3358        4076 4075 4072 4073
3359        4079 4078 4075 4076
3360        4082 4081 4078 4079
3361        4085 4084 4081 4082
3362        4088 4087 4084 4085
3363        4091 4090 4087 4088
3364        4094 4093 4090 4091
3365        4097 4096 4093 4094
3366        4100 4099 4096 4097
3367        4103 4102 4099 4100
3368        4106 4105 4102 4103
3369        4109 4108 4105 4106
3370        4112 4111 4108 4109
3371        4115 4114 4111 4112
3372        4118 4117 4114 4115
3373        4121 4120 4117 4118
3374        4124 4123 4120 4121
3375        4127 4126 4123 4124
3376        4130 4129 4126 4127
3377        4133 4132 4129 4130
3378        4136 4135 4132 4133
3379        4139 4138 4135 4136
3380        4142 4141 4138 4139
3381        4145 4144 4141 4142
3382        4148 4147 4144 4145
3383        4151 4150 4147 4148
3384        4154 4153 4150 4151
3385        4157 4156 4153 4154
3386        4160 4159 4156 4157
3387        4163 4162 4159 4160
3388        4166 4165 4162 4163
3389        4169 4168 4165 4166
3390        4172 4171 4168 4169
3391        4175 4174 4171 4172
3392        4178 4177 4174 4175
3393        4181 4180 4177 4178
3394        4184 4183 4180 4181
3395        4187 4186 4183 4184
3396        4190 4189 4186 4187
3397        4193 4192 4189 4190
3398        4196 4195 4192 4193
3399        4199 4198 4195 4196
3400        4202 4201 4198 4199
3401        4205 4204 4201 4202
3402        4208 4207 4204 4205
3403        4211 4210 4207 4208
3404        4214 4213 4210 4211
3405        4217 4216 4213 4214
3406        4220 4219 4216 4217
3407        4223 4222 4219 4220
3408        4226 4225 4222 4223
3409        4229 4228 4225 4226
3410        4232 4231 4228 4229
3411        4235 4234 4231 4232
3412        4238 4237 4234 4235
3413        4241 4240 4237 4238
3414        4244 4243 4240 4241
3415        4247 4246 4243 4244
3416        4250 4249 4246 4247
3417        4253 4252 4249 4250
3418        4256 4255 4252 4253
3419        4259 4258 4255 4256
3420        4262 4261 4258 4259
3421        4265 4264 4261 4262
3422        4268 4267 4264 4265
3423        4271 4270 4267 4268
3424        4274 4273 4270 4271
3425        4277 4276 4273 4274
3426        4280 4279 4276 4277
3427        4283 4282 4279 4280
3428        4286 4285 4282 4283
3429        4289 4288 4285 4286
3430        4292 4291 4288 4289
3431        4295 4294 4291 4292
3432        4298 4297 4294 4295
3433        4301 4300 4297 4298
3434        4304 4303 4300 4301
3435        4307 4306 4303 4304
3436        4310 4309 4306 4307
3437        4313 4312 4309 4310
3438        4316 4315 4312 4313
3439        4319 4318 4315 4316
3440        4322 4321 4318 4319
3441        4325 4324 4321 4322
3442        4328 4327 4324 4325
3443        4331 4330 4327 4328
3444        4334 4333 4330 4331
3445        4337 4336 4333 4334
3446        4340 4339 4336 4337
3447        4343 4342 4339 4340
3448        4346 4345 4342 4343
3449        4349 4348 4345 4346
3450        4352 4351 4348 4349
3451        4355 4354 4351 4352
3452        4358 4357 4354 4355
3453        4361 4360 4357 4358
3454        4364 4363 4360 4361
3455        4367 4366 4363 4364
3456        4370 4369 4366 4367
3457        4373 4372 4369 4370
3458        4376 4375 4372 4373
3459        4379 4378 4375 4376
3460        4382 4381 4378 4379
3461        4385 4384 4381 4382
3462        4388 4387 4384 4385
3463        4391 4390 4387 4388
3464        4394 4393 4390 4391
3465        4397 4396 4393 4394
3466        4400 4399 4396 4397
3467        4403 4402 4399 4400
3468        4406 4405 4402 4403
3469        4409 4408 4405 4406
3470        4412 4411 4408 4409
3471        4415 4414 4411 4412
3472        4418 4417 4414 4415
3473        4421 4420 4417 4418
3474        4424 4423 4420 4421
3475        4427 4426 4423 4424
3476        4430 4429 4426 4427
3477        4433 4432 4429 4430
3478        4436 4435 4432 4433
3479        4439 4438 4435 4436
3480        4442 4441 4438 4439
3481        4445 4444 4441 4442
3482        4448 4447 4444 4445
3483        4451 4450 4447 4448
3484        4454 4453 4450 4451
3485        4457 4456 4453 4454
3486        4460 4459 4456 4457
3487        4463 4462 4459 4460
3488        4466 4465 4462 4463
3489        4469 4468 4465 4466
3490        4472 4471 4468 4469
3491        4475 4474 4471 4472
3492        4478 4477 4474 4475
3493        4481 4480 4477 4478
3494        4484 4483 4480 4481
3495        4487 4486 4483 4484
3496        4490 4489 4486 4487
3497        4493 4492 4489 4490
3498        4496 4495 4492 4493
3499        4499 4498 4495 4496
3500        4502 4501 4498 4499
3501        4505 4504 4501 4502
3502        4508 4507 4504 4505
3503        4511 4510 4507 4508
3504        4514 4513 4510 4511
3505        4517 4516 4513 4514
3506        4520 4519 4516 4517
3507        4523 4522 4519 4520
3508        4526 4525 4522 4523
3509        4529 4528 4525 4526
3510        4532 4531 4528 4529
3511        4535 4534 4531 4532
3512        4538 4537 4534 4535
3513        4541 4540 4537 4538
3514        4544 4543 4540 4541
3515        4547 4546 4543 4544
3516        4550 4549 4546 4547
3517        4553 4552 4549 4550
3518        4556 4555 4552 4553
3519        4559 4558 4555 4556
3520        4562 4561 4558 4559
3521        4565 4564 4561 4562
3522        4568 4567 4564 4565
3523        4571 4570 4567 4568
3524        4574 4573 4570 4571
3525        4577 4576 4573 4574
3526        4580 4579 4576 4577
3527        4583 4582 4579 4580
3528        4586 4585 4582 4583
3529        4589 4588 4585 4586
3530        4592 4591 4588 4589
3531        4595 4594 4591 4592
3532        4598 4597 4594 4595
3533        4601 4600 4597 4598
3534        4604 4603 4600 4601
3535        4607 4606 4603 4604
3536        4610 4609 4606 4607
3537        4613 4612 4609 4610
3538        4616 4615 4612 4613
3539        4619 4618 4615 4616
3540        4622 4621 4618 4619
3541        4625 4624 4621 4622
3542        4628 4627 4624 4625
3543        4631 4630 4627 4628
3544        4634 4633 4630 4631
3545        4637 4636 4633 4634
3546        4640 4639 4636 4637
3547        4643 4642 4639 4640
3548        4646 4645 4642 4643
3549        4649 4648 4645 4646
3550        4652 4651 4648 4649
3551        4655 4654 4651 4652
3552        4658 4657 4654 4655
3553        4661 4660 4657 4658
3554        4664 4663 4660 4661
3555        4667 4666 4663 4664
3556        4670 4669 4666 4667
3557        4673 4672 4669 4670
3558        4676 4675 4672 4673
3559        4679 4678 4675 4676
3560        4682 4681 4678 4679
3561        4685 4684 4681 4682
3562        4688 4687 4684 4685
3563        4691 4690 4687 4688
3564        4694 4693 4690 4691
3565        4697 4696 4693 4694
3566        4700 4699 4696 4697
3567        4703 4702 4699 4700
3568        4706 4705 4702 4703
3569        4709 4708 4705 4706
3570        4712 4711 4708 4709
3571        4715 4714 4711 4712
3572        4718 4717 4714 4715
3573        4721 4720 4717 4718
3574        4724 4723 4720 4721
3575        4727 4726 4723 4724
3576        4730 4729 4726 4727
3577        4733 4732 4729 4730
3578        4736 4735 4732 4733
3579        4739 4738 4735 4736
3580        4742 4741 4738 4739
3581        4745 4744 4741 4742
3582        4748 4747 4744 4745
3583        4751 4750 4747 4748
3584        4754 4753 4750 4751
3585        4757 4756 4753 4754
3586        4760 4759 4756 4757
3587        4763 4762 4759 4760
3588        4766 4765 4762 4763
3589        4769 4768 4765 4766
3590        4772 4771 4768 4769
3591        4775 4774 4771 4772
3592        4778 4777 4774 4775
3593        4781 4780 4777 4778
3594        4784 4783 4780 4781
3595        4787 4786 4783 4784
3596        4790 4789 4786 4787
3597        4793 4792 4789 4790
3598        4796 4795 4792 4793
3599        4799 4798 4795 4796
3600        4802 4801 4798 4799
3601        4805 4804 4801 4802
3602        4808 4807 4804 4805
3603        4811 4810 4807 4808
3604        4814 4813 4810 4811
3605        4817 4816 4813 4814
3606        4820 4819 4816 4817
3607        4823 4822 4819 4820
3608        4826 4825 4822 4823
3609        4829 4828 4825 4826
3610        4832 4831 4828 4829
3611        4835 4834 4831 4832
3612        4838 4837 4834 4835
3613        4841 4840 4837 4838
3614        4844 4843 4840 4841
3615        4847 4846 4843 4844
3616        4850 4849 4846 4847
3617        4853 4852 4849 4850
3618        4856 4855 4852 4853
3619        4859 4858 4855 4856
3620        4862 4861 4858 4859
3621        4865 4864 4861 4862
3622        4868 4867 4864 4865
3623        4871 4870 4867 4868
3624        4874 4873 4870 4871
3625        4877 4876 4873 4874
3626        4880 4879 4876 4877
3627        4883 4882 4879 4880
3628        4886 4885 4882 4883
3629        4889 4888 4885 4886
3630        4892 4891 4888 4889
3631        4895 4894 4891 4892
3632        4898 4897 4894 4895
3633        4901 4900 4897 4898
3634        4904 4903 4900 4901
3635        4907 4906 4903 4904
3636        4910 4909 4906 4907
3637        4913 4912 4909 4910
3638        4916 4915 4912 4913
3639        4919 4918 4915 4916
3640        4922 4921 4918 4919
3641        4925 4924 4921 4922
3642        4928 4927 4924 4925
3643        4931 4930 4927 4928
3644        4934 4933 4930 4931
3645        4937 4936 4933 4934
3646        4940 4939 4936 4937
3647        4943 4942 4939 4940
3648        4946 4945 4942 4943
3649        4949 4948 4945 4946
3650        4952 4951 4948 4949
3651        4955 4954 4951 4952
3652        4958 4957 4954 4955
3653        4961 4960 4957 4958
3654        4964 4963 4960 4961
3655        4967 4966 4963 4964
3656        4970 4969 4966 4967
3657        4973 4972 4969 4970
3658        4976 4975 4972 4973
3659        4979 4978 4975 4976
3660        4982 4981 4978 4979
3661        4985 4984 4981 4982
3662        4988 4987 4984 4985
3663        4991 4990 4987 4988
3664        4994 4993 4990 4991
3665        4997 4996 4993 4994
3666        5000 4999 4996 4997
3667        5003 5002 4999 5000
3668        5006 5005 5002 5003
3669        5009 5008 5005 5006
3670        5012 5011 5008 5009
3671        5015 5014 5011 5012
3672        5018 5017 5014 5015
3673        5021 5020 5017 5018
3674        5024 5023 5020 5021
3675        5027 5026 5023 5024
3676        5030 5029 5026 5027
3677        5033 5032 5029 5030
3678        5036 5035 5032 5033
3679        5039 5038 5035 5036
3680        5042 5041 5038 5039
3681        5045 5044 5041 5042
3682        5048 5047 5044 5045
3683        5051 5050 5047 5048
3684        5054 5053 5050 5051
3685        5057 5056 5053 5054
3686        5060 5059 5056 5057
3687        5063 5062 5059 5060
3688        5066 5065 5062 5063
3689        5069 5068 5065 5066
3690        5072 5071 5068 5069
3691        5075 5074 5071 5072
3692        5078 5077 5074 5075
3693        5081 5080 5077 5078
3694        5084 5083 5080 5081
3695        5087 5086 5083 5084
3696        5090 5089 5086 5087
3697        5093 5092 5089 5090
3698        5096 5095 5092 5093
3699        5099 5098 5095 5096
3700        5102 5101 5098 5099
3701        5105 5104 5101 5102
3702        5108 5107 5104 5105
3703        5111 5110 5107 5108
3704        5114 5113 5110 5111
3705        5117 5116 5113 5114
3706        5120 5119 5116 5117
3707        5123 5122 5119 5120
3708        5126 5125 5122 5123
3709        5129 5128 5125 5126
3710        5132 5131 5128 5129
3711        5135 5134 5131 5132
3712        5138 5137 5134 5135
3713        5141 5140 5137 5138
3714        5144 5143 5140 5141
3715        5147 5146 5143 5144
3716        5150 5149 5146 5147
3717        5153 5152 5149 5150
3718        5156 5155 5152 5153
3719        5159 5158 5155 5156
3720        5162 5161 5158 5159
3721        5165 5164 5161 5162
3722        5168 5167 5164 5165
3723        5171 5170 5167 5168
3724        5174 5173 5170 5171
3725        5177 5176 5173 5174
3726        5180 5179 5176 5177
3727        5183 5182 5179 5180
3728        5186 5185 5182 5183
3729        5189 5188 5185 5186
3730        5192 5191 5188 5189
3731        5195 5194 5191 5192
3732        5198 5197 5194 5195
3733        5201 5200 5197 5198
3734        5204 5203 5200 5201
3735        5207 5206 5203 5204
3736        5210 5209 5206 5207
3737        5213 5212 5209 5210
3738        5216 5215 5212 5213
3739        5219 5218 5215 5216
3740        5222 5221 5218 5219
3741        5225 5224 5221 5222
3742        5228 5227 5224 5225
3743        5231 5230 5227 5228
3744        5234 5233 5230 5231
3745        5237 5236 5233 5234
3746        5240 5239 5236 5237
3747        5243 5242 5239 5240
3748        5246 5245 5242 5243
3749        5249 5248 5245 5246
3750        5252 5251 5248 5249
3751        5255 5254 5251 5252
3752        5258 5257 5254 5255
3753        5261 5260 5257 5258
3754        5264 5263 5260 5261
3755        5267 5266 5263 5264
3756        5270 5269 5266 5267
3757        5273 5272 5269 5270
3758        5276 5275 5272 5273
3759        5279 5278 5275 5276
3760        5282 5281 5278 5279
3761        5285 5284 5281 5282
3762        5288 5287 5284 5285
3763        5291 5290 5287 5288
3764        5294 5293 5290 5291
3765        5297 5296 5293 5294
3766        5300 5299 5296 5297
3767        5303 5302 5299 5300
3768        5306 5305 5302 5303
3769        5309 5308 5305 5306
3770        5312 5311 5308 5309
3771        5315 5314 5311 5312
3772        5318 5317 5314 5315
3773        5321 5320 5317 5318
3774        5324 5323 5320 5321
3775        5327 5326 5323 5324
3776        5330 5329 5326 5327
3777        5333 5332 5329 5330
3778        5336 5335 5332 5333
3779        5339 5338 5335 5336
3780        5342 5341 5338 5339
3781        5345 5344 5341 5342
3782        5348 5347 5344 5345
3783        5351 5350 5347 5348
3784        5354 5353 5350 5351
3785        5357 5356 5353 5354
3786        5360 5359 5356 5357
3787        5363 5362 5359 5360
3788        5366 5365 5362 5363
3789        5369 5368 5365 5366
3790        5372 5371 5368 5369
3791        5375 5374 5371 5372
3792        5378 5377 5374 5375
3793        5381 5380 5377 5378
3794        5384 5383 5380 5381
3795        5387 5386 5383 5384
3796        5390 5389 5386 5387
3797        5393 5392 5389 5390
3798        5396 5395 5392 5393
3799        5399 5398 5395 5396
3800        5402 5401 5398 5399
3801        5405 5404 5401 5402
3802        5408 5407 5404 5405
3803        5411 5410 5407 5408
3804        5414 5413 5410 5411
3805        5417 5416 5413 5414
3806        5420 5419 5416 5417
3807        5423 5422 5419 5420
3808        5426 5425 5422 5423
3809        5429 5428 5425 5426
3810        5432 5431 5428 5429
3811        5435 5434 5431 5432
3812        5438 5437 5434 5435
3813        5441 5440 5437 5438
3814        5444 5443 5440 5441
3815        5447 5446 5443 5444
3816        5450 5449 5446 5447
3817        5453 5452 5449 5450
3818        5456 5455 5452 5453
3819        5459 5458 5455 5456
3820        5462 5461 5458 5459
3821        5465 5464 5461 5462
3822        5468 5467 5464 5465
3823        5471 5470 5467 5468
3824        5474 5473 5470 5471
3825        5477 5476 5473 5474
3826        5480 5479 5476 5477
3827        5483 5482 5479 5480
3828        5486 5485 5482 5483
3829        5489 5488 5485 5486
3830        5492 5491 5488 5489
3831        5495 5494 5491 5492
3832        5498 5497 5494 5495
3833        5501 5500 5497 5498
3834        5504 5503 5500 5501
3835        5507 5506 5503 5504
3836        5510 5509 5506 5507
3837        5513 5512 5509 5510
3838        5516 5515 5512 5513
3839        5519 5518 5515 5516
3840        5522 5521 5518 5519
3841        5525 5524 5521 5522
3842        5528 5527 5524 5525
3843        5531 5530 5527 5528
3844        5534 5533 5530 5531
3845        5537 5536 5533 5534
3846        5540 5539 5536 5537
3847        5543 5542 5539 5540
3848        5546 5545 5542 5543
3849        5549 5548 5545 5546
3850        5552 5551 5548 5549
3851        5555 5554 5551 5552
3852        5558 5557 5554 5555
3853        5561 5560 5557 5558
3854        5564 5563 5560 5561
3855        5567 5566 5563 5564
3856        5570 5569 5566 5567
3857        5573 5572 5569 5570
3858        5576 5575 5572 5573
3859        5579 5578 5575 5576
3860        5582 5581 5578 5579
3861        5585 5584 5581 5582
3862        5588 5587 5584 5585
3863        5591 5590 5587 5588
3864        5594 5593 5590 5591
3865        5597 5596 5593 5594
3866        5600 5599 5596 5597
3867        5603 5602 5599 5600
3868        5606 5605 5602 5603
3869        5609 5608 5605 5606
3870        5612 5611 5608 5609
3871        5615 5614 5611 5612
3872        5618 5617 5614 5615
3873        5621 5620 5617 5618
3874        5624 5623 5620 5621
3875        5627 5626 5623 5624
3876        5630 5629 5626 5627
3877        5633 5632 5629 5630
3878        5636 5635 5632 5633
3879        5639 5638 5635 5636
3880        5642 5641 5638 5639
3881        5645 5644 5641 5642
3882        5648 5647 5644 5645
3883        5651 5650 5647 5648
3884        5654 5653 5650 5651
3885        5657 5656 5653 5654
3886        5660 5659 5656 5657
3887        5663 5662 5659 5660
3888        5666 5665 5662 5663
3889        5669 5668 5665 5666
3890        5672 5671 5668 5669
3891        5675 5674 5671 5672
3892        5678 5677 5674 5675
3893        5681 5680 5677 5678
3894        5684 5683 5680 5681
3895        5687 5686 5683 5684
3896        5690 5689 5686 5687
3897        5693 5692 5689 5690
3898        5696 5695 5692 5693
3899        5699 5698 5695 5696
3900        5702 5701 5698 5699
3901        5705 5704 5701 5702
3902        5708 5707 5704 5705
3903        5711 5710 5707 5708
3904        5714 5713 5710 5711
3905        5717 5716 5713 5714
3906        5720 5719 5716 5717
3907        5723 5722 5719 5720
3908        5726 5725 5722 5723
3909        5729 5728 5725 5726
3910        5732 5731 5728 5729
3911        5735 5734 5731 5732
3912        5738 5737 5734 5735
3913        5741 5740 5737 5738
3914        5744 5743 5740 5741
3915        5747 5746 5743 5744
3916        5750 5749 5746 5747
3917        5753 5752 5749 5750
3918        5756 5755 5752 5753
3919        5759 5758 5755 5756
3920        5762 5761 5758 5759
3921        5765 5764 5761 5762
3922        5768 5767 5764 5765
3923        5771 5770 5767 5768
3924        5774 5773 5770 5771
3925        5777 5776 5773 5774
3926        5780 5779 5776 5777
3927        5783 5782 5779 5780
3928        5786 5785 5782 5783
3929        5789 5788 5785 5786
3930        5792 5791 5788 5789
3931        5795 5794 5791 5792
3932        5798 5797 5794 5795
3933        5801 5800 5797 5798
3934        5804 5803 5800 5801
3935        5807 5806 5803 5804
3936        5810 5809 5806 5807
3937        5813 5812 5809 5810
3938        5816 5815 5812 5813
3939        5819 5818 5815 5816
3940        5822 5821 5818 5819
3941        5825 5824 5821 5822
3942        5828 5827 5824 5825
3943        5831 5830 5827 5828
3944        5834 5833 5830 5831
3945        5837 5836 5833 5834
3946        5840 5839 5836 5837
3947        5843 5842 5839 5840
3948        5846 5845 5842 5843
3949        5849 5848 5845 5846
3950        5852 5851 5848 5849
3951        5855 5854 5851 5852
3952        5858 5857 5854 5855
3953        5861 5860 5857 5858
3954        5864 5863 5860 5861
3955        5867 5866 5863 5864
3956        5870 5869 5866 5867
3957        5873 5872 5869 5870
3958        5876 5875 5872 5873
3959        5879 5878 5875 5876
3960        5882 5881 5878 5879
3961        5885 5884 5881 5882
3962        5888 5887 5884 5885
3963        5891 5890 5887 5888
3964        5894 5893 5890 5891
3965        5897 5896 5893 5894
3966        5900 5899 5896 5897
3967        5903 5902 5899 5900
3968        5906 5905 5902 5903
3969        5909 5908 5905 5906
3970        5912 5911 5908 5909
3971        5915 5914 5911 5912
3972        5918 5917 5914 5915
3973        5921 5920 5917 5918
3974        5924 5923 5920 5921
3975        5927 5926 5923 5924
3976        5930 5929 5926 5927
3977        5933 5932 5929 5930
3978        5936 5935 5932 5933
3979        5939 5938 5935 5936
3980        5942 5941 5938 5939
3981        5945 5944 5941 5942
3982        5948 5947 5944 5945
3983        5951 5950 5947 5948
3984        5954 5953 5950 5951
3985        5957 5956 5953 5954
3986        5960 5959 5956 5957
3987        5963 5962 5959 5960
3988        5966 5965 5962 5963
3989        5969 5968 5965 5966
3990        5972 5971 5968 5969
3991        5975 5974 5971 5972
3992        5978 5977 5974 5975
3993        5981 5980 5977 5978
3994        5984 5983 5980 5981
3995        5987 5986 5983 5984
3996        5990 5989 5986 5987
3997        5993 5992 5989 5990
3998        5996 5995 5992 5993
3999        5999 5998 5995 5996
4000        6002 6001 5998 5999
