1        8 4 3 6
2        9 7 4 8
3        12 11 7 9
4        15 14 11 12
5        18 17 14 15
6        21 20 17 18
7        24 23 20 21
8        27 26 23 24
9        30 29 26 27
10        33 32 29 30
11        36 35 32 33
12        39 38 35 36
13        42 41 38 39
14        45 44 41 42
15        48 47 44 45
16        51 50 47 48
17        54 53 50 51
2001        4 2 1 3
2002        7 5 2 4
2003        11 10 5 7
2004        14 13 10 11
2005        17 16 13 14
2006        20 19 16 17
2007        23 22 19 20
2008        26 25 22 23
2009        29 28 25 26
2010        32 31 28 29
2011        35 34 31 32
2012        38 37 34 35
2013        41 40 37 38
2014        44 43 40 41
2015        47 46 43 44
2016        50 49 46 47
2017        53 52 49 50
