1        8 4 3 6
2        9 7 4 8
3        12 11 7 9
4        15 14 11 12
5        18 17 14 15
6        21 20 17 18
7        24 23 20 21
8        27 26 23 24
9        30 29 26 27
10        33 32 29 30
11        36 35 32 33
12        39 38 35 36
13        42 41 38 39
14        45 44 41 42
15        48 47 44 45
16        51 50 47 48
17        54 53 50 51
18        57 56 53 54
19        60 59 56 57
20        63 62 59 60
21        66 65 62 63
22        69 68 65 66
23        72 71 68 69
24        75 74 71 72
25        78 77 74 75
26        81 80 77 78
27        84 83 80 81
28        87 86 83 84
29        90 89 86 87
30        93 92 89 90
31        96 95 92 93
32        99 98 95 96
33        102 101 98 99
34        105 104 101 102
35        108 107 104 105
36        111 110 107 108
37        114 113 110 111
38        117 116 113 114
39        120 119 116 117
40        123 122 119 120
41        126 125 122 123
42        129 128 125 126
43        132 131 128 129
44        135 134 131 132
45        138 137 134 135
46        141 140 137 138
47        144 143 140 141
48        147 146 143 144
49        150 149 146 147
50        153 152 149 150
51        156 155 152 153
52        159 158 155 156
53        162 161 158 159
54        165 164 161 162
55        168 167 164 165
56        171 170 167 168
57        174 173 170 171
58        177 176 173 174
59        180 179 176 177
60        183 182 179 180
61        186 185 182 183
62        189 188 185 186
63        192 191 188 189
64        195 194 191 192
65        198 197 194 195
66        201 200 197 198
67        204 203 200 201
68        207 206 203 204
69        210 209 206 207
70        213 212 209 210
71        216 215 212 213
72        219 218 215 216
73        222 221 218 219
74        225 224 221 222
75        228 227 224 225
76        231 230 227 228
77        234 233 230 231
78        237 236 233 234
79        240 239 236 237
80        243 242 239 240
81        246 245 242 243
82        249 248 245 246
83        252 251 248 249
84        255 254 251 252
85        258 257 254 255
86        261 260 257 258
87        264 263 260 261
88        267 266 263 264
89        270 269 266 267
90        273 272 269 270
91        276 275 272 273
92        279 278 275 276
93        282 281 278 279
94        285 284 281 282
95        288 287 284 285
96        291 290 287 288
97        294 293 290 291
98        297 296 293 294
99        300 299 296 297
100        303 302 299 300
101        306 305 302 303
102        309 308 305 306
103        312 311 308 309
104        315 314 311 312
105        318 317 314 315
106        321 320 317 318
107        324 323 320 321
108        327 326 323 324
109        330 329 326 327
110        333 332 329 330
111        336 335 332 333
112        339 338 335 336
113        342 341 338 339
114        345 344 341 342
115        348 347 344 345
116        351 350 347 348
117        354 353 350 351
118        357 356 353 354
119        360 359 356 357
120        363 362 359 360
121        366 365 362 363
122        369 368 365 366
123        372 371 368 369
124        375 374 371 372
125        378 377 374 375
126        381 380 377 378
127        384 383 380 381
128        387 386 383 384
129        390 389 386 387
130        393 392 389 390
131        396 395 392 393
132        399 398 395 396
133        402 401 398 399
134        405 404 401 402
135        408 407 404 405
136        411 410 407 408
137        414 413 410 411
138        417 416 413 414
139        420 419 416 417
140        423 422 419 420
141        426 425 422 423
142        429 428 425 426
143        432 431 428 429
144        435 434 431 432
145        438 437 434 435
146        441 440 437 438
147        444 443 440 441
148        447 446 443 444
149        450 449 446 447
150        453 452 449 450
151        456 455 452 453
152        459 458 455 456
153        462 461 458 459
154        465 464 461 462
155        468 467 464 465
156        471 470 467 468
157        474 473 470 471
158        477 476 473 474
159        480 479 476 477
160        483 482 479 480
161        486 485 482 483
162        489 488 485 486
163        492 491 488 489
164        495 494 491 492
165        498 497 494 495
166        501 500 497 498
167        504 503 500 501
168        507 506 503 504
169        510 509 506 507
170        513 512 509 510
171        516 515 512 513
172        519 518 515 516
173        522 521 518 519
174        525 524 521 522
175        528 527 524 525
176        531 530 527 528
177        534 533 530 531
178        537 536 533 534
179        540 539 536 537
180        543 542 539 540
181        546 545 542 543
182        549 548 545 546
183        552 551 548 549
184        555 554 551 552
185        558 557 554 555
186        561 560 557 558
187        564 563 560 561
188        567 566 563 564
189        570 569 566 567
190        573 572 569 570
191        576 575 572 573
192        579 578 575 576
193        582 581 578 579
194        585 584 581 582
195        588 587 584 585
196        591 590 587 588
197        594 593 590 591
198        597 596 593 594
199        600 599 596 597
200        603 602 599 600
201        606 605 602 603
202        609 608 605 606
203        612 611 608 609
204        615 614 611 612
205        618 617 614 615
206        621 620 617 618
207        624 623 620 621
208        627 626 623 624
209        630 629 626 627
210        633 632 629 630
211        636 635 632 633
212        639 638 635 636
213        642 641 638 639
214        645 644 641 642
215        648 647 644 645
216        651 650 647 648
217        654 653 650 651
218        657 656 653 654
219        660 659 656 657
220        663 662 659 660
221        666 665 662 663
222        669 668 665 666
223        672 671 668 669
224        675 674 671 672
225        678 677 674 675
226        681 680 677 678
227        684 683 680 681
228        687 686 683 684
229        690 689 686 687
230        693 692 689 690
231        696 695 692 693
232        699 698 695 696
233        702 701 698 699
234        705 704 701 702
235        708 707 704 705
236        711 710 707 708
237        714 713 710 711
238        717 716 713 714
239        720 719 716 717
240        723 722 719 720
241        726 725 722 723
242        729 728 725 726
243        732 731 728 729
244        735 734 731 732
245        738 737 734 735
246        741 740 737 738
247        744 743 740 741
248        747 746 743 744
249        750 749 746 747
250        753 752 749 750
251        756 755 752 753
252        759 758 755 756
253        762 761 758 759
254        765 764 761 762
255        768 767 764 765
256        771 770 767 768
257        774 773 770 771
258        777 776 773 774
259        780 779 776 777
260        783 782 779 780
261        786 785 782 783
262        789 788 785 786
263        792 791 788 789
264        795 794 791 792
265        798 797 794 795
266        801 800 797 798
267        804 803 800 801
268        807 806 803 804
269        810 809 806 807
270        813 812 809 810
271        816 815 812 813
272        819 818 815 816
273        822 821 818 819
274        825 824 821 822
275        828 827 824 825
276        831 830 827 828
277        834 833 830 831
278        837 836 833 834
279        840 839 836 837
280        843 842 839 840
281        846 845 842 843
282        849 848 845 846
283        852 851 848 849
284        855 854 851 852
285        858 857 854 855
286        861 860 857 858
287        864 863 860 861
288        867 866 863 864
289        870 869 866 867
290        873 872 869 870
291        876 875 872 873
292        879 878 875 876
293        882 881 878 879
294        885 884 881 882
295        888 887 884 885
296        891 890 887 888
297        894 893 890 891
298        897 896 893 894
299        900 899 896 897
300        903 902 899 900
301        906 905 902 903
302        909 908 905 906
303        912 911 908 909
304        915 914 911 912
305        918 917 914 915
306        921 920 917 918
307        924 923 920 921
308        927 926 923 924
309        930 929 926 927
310        933 932 929 930
311        936 935 932 933
312        939 938 935 936
313        942 941 938 939
314        945 944 941 942
315        948 947 944 945
316        951 950 947 948
317        954 953 950 951
318        957 956 953 954
319        960 959 956 957
320        963 962 959 960
321        966 965 962 963
322        969 968 965 966
323        972 971 968 969
324        975 974 971 972
325        978 977 974 975
326        981 980 977 978
327        984 983 980 981
328        987 986 983 984
329        990 989 986 987
330        993 992 989 990
331        996 995 992 993
332        999 998 995 996
333        1002 1001 998 999
334        1005 1004 1001 1002
335        1008 1007 1004 1005
336        1011 1010 1007 1008
337        1014 1013 1010 1011
338        1017 1016 1013 1014
339        1020 1019 1016 1017
340        1023 1022 1019 1020
341        1026 1025 1022 1023
342        1029 1028 1025 1026
343        1032 1031 1028 1029
344        1035 1034 1031 1032
345        1038 1037 1034 1035
346        1041 1040 1037 1038
347        1044 1043 1040 1041
348        1047 1046 1043 1044
349        1050 1049 1046 1047
350        1053 1052 1049 1050
351        1056 1055 1052 1053
352        1059 1058 1055 1056
353        1062 1061 1058 1059
354        1065 1064 1061 1062
355        1068 1067 1064 1065
356        1071 1070 1067 1068
357        1074 1073 1070 1071
358        1077 1076 1073 1074
359        1080 1079 1076 1077
360        1083 1082 1079 1080
361        1086 1085 1082 1083
362        1089 1088 1085 1086
363        1092 1091 1088 1089
364        1095 1094 1091 1092
365        1098 1097 1094 1095
366        1101 1100 1097 1098
367        1104 1103 1100 1101
368        1107 1106 1103 1104
369        1110 1109 1106 1107
370        1113 1112 1109 1110
371        1116 1115 1112 1113
372        1119 1118 1115 1116
373        1122 1121 1118 1119
374        1125 1124 1121 1122
375        1128 1127 1124 1125
376        1131 1130 1127 1128
377        1134 1133 1130 1131
378        1137 1136 1133 1134
379        1140 1139 1136 1137
380        1143 1142 1139 1140
381        1146 1145 1142 1143
382        1149 1148 1145 1146
383        1152 1151 1148 1149
384        1155 1154 1151 1152
385        1158 1157 1154 1155
386        1161 1160 1157 1158
387        1164 1163 1160 1161
388        1167 1166 1163 1164
389        1170 1169 1166 1167
390        1173 1172 1169 1170
391        1176 1175 1172 1173
392        1179 1178 1175 1176
393        1182 1181 1178 1179
394        1185 1184 1181 1182
395        1188 1187 1184 1185
396        1191 1190 1187 1188
397        1194 1193 1190 1191
398        1197 1196 1193 1194
399        1200 1199 1196 1197
400        1203 1202 1199 1200
401        1206 1205 1202 1203
402        1209 1208 1205 1206
403        1212 1211 1208 1209
404        1215 1214 1211 1212
405        1218 1217 1214 1215
406        1221 1220 1217 1218
407        1224 1223 1220 1221
408        1227 1226 1223 1224
409        1230 1229 1226 1227
410        1233 1232 1229 1230
411        1236 1235 1232 1233
412        1239 1238 1235 1236
413        1242 1241 1238 1239
414        1245 1244 1241 1242
415        1248 1247 1244 1245
416        1251 1250 1247 1248
417        1254 1253 1250 1251
418        1257 1256 1253 1254
419        1260 1259 1256 1257
420        1263 1262 1259 1260
421        1266 1265 1262 1263
422        1269 1268 1265 1266
423        1272 1271 1268 1269
424        1275 1274 1271 1272
425        1278 1277 1274 1275
426        1281 1280 1277 1278
427        1284 1283 1280 1281
428        1287 1286 1283 1284
429        1290 1289 1286 1287
430        1293 1292 1289 1290
431        1296 1295 1292 1293
432        1299 1298 1295 1296
433        1302 1301 1298 1299
434        1305 1304 1301 1302
435        1308 1307 1304 1305
436        1311 1310 1307 1308
437        1314 1313 1310 1311
438        1317 1316 1313 1314
439        1320 1319 1316 1317
440        1323 1322 1319 1320
441        1326 1325 1322 1323
442        1329 1328 1325 1326
443        1332 1331 1328 1329
444        1335 1334 1331 1332
445        1338 1337 1334 1335
446        1341 1340 1337 1338
447        1344 1343 1340 1341
448        1347 1346 1343 1344
449        1350 1349 1346 1347
450        1353 1352 1349 1350
451        1356 1355 1352 1353
452        1359 1358 1355 1356
453        1362 1361 1358 1359
454        1365 1364 1361 1362
455        1368 1367 1364 1365
456        1371 1370 1367 1368
457        1374 1373 1370 1371
458        1377 1376 1373 1374
459        1380 1379 1376 1377
460        1383 1382 1379 1380
461        1386 1385 1382 1383
462        1389 1388 1385 1386
463        1392 1391 1388 1389
464        1395 1394 1391 1392
465        1398 1397 1394 1395
466        1401 1400 1397 1398
467        1404 1403 1400 1401
468        1407 1406 1403 1404
469        1410 1409 1406 1407
470        1413 1412 1409 1410
471        1416 1415 1412 1413
472        1419 1418 1415 1416
473        1422 1421 1418 1419
474        1425 1424 1421 1422
475        1428 1427 1424 1425
476        1431 1430 1427 1428
477        1434 1433 1430 1431
478        1437 1436 1433 1434
479        1440 1439 1436 1437
480        1443 1442 1439 1440
481        1446 1445 1442 1443
482        1449 1448 1445 1446
483        1452 1451 1448 1449
484        1455 1454 1451 1452
485        1458 1457 1454 1455
486        1461 1460 1457 1458
487        1464 1463 1460 1461
488        1467 1466 1463 1464
489        1470 1469 1466 1467
490        1473 1472 1469 1470
491        1476 1475 1472 1473
492        1479 1478 1475 1476
493        1482 1481 1478 1479
494        1485 1484 1481 1482
495        1488 1487 1484 1485
496        1491 1490 1487 1488
497        1494 1493 1490 1491
498        1497 1496 1493 1494
499        1500 1499 1496 1497
500        1503 1502 1499 1500
501        1506 1505 1502 1503
502        1509 1508 1505 1506
503        1512 1511 1508 1509
504        1515 1514 1511 1512
505        1518 1517 1514 1515
506        1521 1520 1517 1518
507        1524 1523 1520 1521
508        1527 1526 1523 1524
509        1530 1529 1526 1527
510        1533 1532 1529 1530
511        1536 1535 1532 1533
512        1539 1538 1535 1536
513        1542 1541 1538 1539
514        1545 1544 1541 1542
515        1548 1547 1544 1545
516        1551 1550 1547 1548
517        1554 1553 1550 1551
518        1557 1556 1553 1554
519        1560 1559 1556 1557
520        1563 1562 1559 1560
521        1566 1565 1562 1563
522        1569 1568 1565 1566
523        1572 1571 1568 1569
524        1575 1574 1571 1572
525        1578 1577 1574 1575
526        1581 1580 1577 1578
527        1584 1583 1580 1581
528        1587 1586 1583 1584
529        1590 1589 1586 1587
530        1593 1592 1589 1590
531        1596 1595 1592 1593
532        1599 1598 1595 1596
533        1602 1601 1598 1599
534        1605 1604 1601 1602
535        1608 1607 1604 1605
536        1611 1610 1607 1608
537        1614 1613 1610 1611
538        1617 1616 1613 1614
539        1620 1619 1616 1617
540        1623 1622 1619 1620
541        1626 1625 1622 1623
542        1629 1628 1625 1626
543        1632 1631 1628 1629
544        1635 1634 1631 1632
545        1638 1637 1634 1635
546        1641 1640 1637 1638
547        1644 1643 1640 1641
548        1647 1646 1643 1644
549        1650 1649 1646 1647
550        1653 1652 1649 1650
551        1656 1655 1652 1653
552        1659 1658 1655 1656
553        1662 1661 1658 1659
554        1665 1664 1661 1662
555        1668 1667 1664 1665
556        1671 1670 1667 1668
557        1674 1673 1670 1671
558        1677 1676 1673 1674
559        1680 1679 1676 1677
560        1683 1682 1679 1680
561        1686 1685 1682 1683
562        1689 1688 1685 1686
563        1692 1691 1688 1689
564        1695 1694 1691 1692
565        1698 1697 1694 1695
566        1701 1700 1697 1698
567        1704 1703 1700 1701
568        1707 1706 1703 1704
569        1710 1709 1706 1707
570        1713 1712 1709 1710
571        1716 1715 1712 1713
572        1719 1718 1715 1716
573        1722 1721 1718 1719
574        1725 1724 1721 1722
575        1728 1727 1724 1725
576        1731 1730 1727 1728
577        1734 1733 1730 1731
578        1737 1736 1733 1734
579        1740 1739 1736 1737
580        1743 1742 1739 1740
581        1746 1745 1742 1743
582        1749 1748 1745 1746
583        1752 1751 1748 1749
584        1755 1754 1751 1752
585        1758 1757 1754 1755
586        1761 1760 1757 1758
587        1764 1763 1760 1761
588        1767 1766 1763 1764
589        1770 1769 1766 1767
590        1773 1772 1769 1770
591        1776 1775 1772 1773
592        1779 1778 1775 1776
593        1782 1781 1778 1779
594        1785 1784 1781 1782
595        1788 1787 1784 1785
596        1791 1790 1787 1788
597        1794 1793 1790 1791
598        1797 1796 1793 1794
599        1800 1799 1796 1797
600        1803 1802 1799 1800
601        1806 1805 1802 1803
602        1809 1808 1805 1806
603        1812 1811 1808 1809
604        1815 1814 1811 1812
605        1818 1817 1814 1815
606        1821 1820 1817 1818
607        1824 1823 1820 1821
608        1827 1826 1823 1824
609        1830 1829 1826 1827
610        1833 1832 1829 1830
611        1836 1835 1832 1833
612        1839 1838 1835 1836
613        1842 1841 1838 1839
614        1845 1844 1841 1842
615        1848 1847 1844 1845
616        1851 1850 1847 1848
617        1854 1853 1850 1851
618        1857 1856 1853 1854
619        1860 1859 1856 1857
620        1863 1862 1859 1860
621        1866 1865 1862 1863
622        1869 1868 1865 1866
623        1872 1871 1868 1869
624        1875 1874 1871 1872
625        1878 1877 1874 1875
626        1881 1880 1877 1878
627        1884 1883 1880 1881
628        1887 1886 1883 1884
629        1890 1889 1886 1887
630        1893 1892 1889 1890
631        1896 1895 1892 1893
632        1899 1898 1895 1896
633        1902 1901 1898 1899
634        1905 1904 1901 1902
635        1908 1907 1904 1905
636        1911 1910 1907 1908
637        1914 1913 1910 1911
638        1917 1916 1913 1914
639        1920 1919 1916 1917
640        1923 1922 1919 1920
641        1926 1925 1922 1923
642        1929 1928 1925 1926
643        1932 1931 1928 1929
644        1935 1934 1931 1932
645        1938 1937 1934 1935
646        1941 1940 1937 1938
647        1944 1943 1940 1941
648        1947 1946 1943 1944
649        1950 1949 1946 1947
650        1953 1952 1949 1950
651        1956 1955 1952 1953
652        1959 1958 1955 1956
653        1962 1961 1958 1959
654        1965 1964 1961 1962
655        1968 1967 1964 1965
656        1971 1970 1967 1968
657        1974 1973 1970 1971
658        1977 1976 1973 1974
659        1980 1979 1976 1977
660        1983 1982 1979 1980
661        1986 1985 1982 1983
662        1989 1988 1985 1986
663        1992 1991 1988 1989
664        1995 1994 1991 1992
665        1998 1997 1994 1995
666        2001 2000 1997 1998
667        2004 2003 2000 2001
668        2007 2006 2003 2004
669        2010 2009 2006 2007
670        2013 2012 2009 2010
671        2016 2015 2012 2013
672        2019 2018 2015 2016
673        2022 2021 2018 2019
674        2025 2024 2021 2022
675        2028 2027 2024 2025
676        2031 2030 2027 2028
677        2034 2033 2030 2031
678        2037 2036 2033 2034
679        2040 2039 2036 2037
680        2043 2042 2039 2040
681        2046 2045 2042 2043
682        2049 2048 2045 2046
683        2052 2051 2048 2049
684        2055 2054 2051 2052
685        2058 2057 2054 2055
686        2061 2060 2057 2058
687        2064 2063 2060 2061
688        2067 2066 2063 2064
689        2070 2069 2066 2067
690        2073 2072 2069 2070
691        2076 2075 2072 2073
692        2079 2078 2075 2076
693        2082 2081 2078 2079
694        2085 2084 2081 2082
695        2088 2087 2084 2085
696        2091 2090 2087 2088
697        2094 2093 2090 2091
698        2097 2096 2093 2094
699        2100 2099 2096 2097
700        2103 2102 2099 2100
701        2106 2105 2102 2103
702        2109 2108 2105 2106
703        2112 2111 2108 2109
704        2115 2114 2111 2112
705        2118 2117 2114 2115
706        2121 2120 2117 2118
707        2124 2123 2120 2121
708        2127 2126 2123 2124
709        2130 2129 2126 2127
710        2133 2132 2129 2130
711        2136 2135 2132 2133
712        2139 2138 2135 2136
713        2142 2141 2138 2139
714        2145 2144 2141 2142
715        2148 2147 2144 2145
716        2151 2150 2147 2148
717        2154 2153 2150 2151
718        2157 2156 2153 2154
719        2160 2159 2156 2157
720        2163 2162 2159 2160
721        2166 2165 2162 2163
722        2169 2168 2165 2166
723        2172 2171 2168 2169
724        2175 2174 2171 2172
725        2178 2177 2174 2175
726        2181 2180 2177 2178
727        2184 2183 2180 2181
728        2187 2186 2183 2184
729        2190 2189 2186 2187
730        2193 2192 2189 2190
731        2196 2195 2192 2193
732        2199 2198 2195 2196
733        2202 2201 2198 2199
734        2205 2204 2201 2202
735        2208 2207 2204 2205
736        2211 2210 2207 2208
737        2214 2213 2210 2211
738        2217 2216 2213 2214
739        2220 2219 2216 2217
740        2223 2222 2219 2220
741        2226 2225 2222 2223
742        2229 2228 2225 2226
743        2232 2231 2228 2229
744        2235 2234 2231 2232
745        2238 2237 2234 2235
746        2241 2240 2237 2238
747        2244 2243 2240 2241
748        2247 2246 2243 2244
749        2250 2249 2246 2247
750        2253 2252 2249 2250
751        2256 2255 2252 2253
752        2259 2258 2255 2256
753        2262 2261 2258 2259
754        2265 2264 2261 2262
755        2268 2267 2264 2265
756        2271 2270 2267 2268
757        2274 2273 2270 2271
758        2277 2276 2273 2274
759        2280 2279 2276 2277
760        2283 2282 2279 2280
761        2286 2285 2282 2283
762        2289 2288 2285 2286
763        2292 2291 2288 2289
764        2295 2294 2291 2292
765        2298 2297 2294 2295
766        2301 2300 2297 2298
767        2304 2303 2300 2301
768        2307 2306 2303 2304
769        2310 2309 2306 2307
770        2313 2312 2309 2310
771        2316 2315 2312 2313
772        2319 2318 2315 2316
773        2322 2321 2318 2319
774        2325 2324 2321 2322
775        2328 2327 2324 2325
776        2331 2330 2327 2328
777        2334 2333 2330 2331
778        2337 2336 2333 2334
779        2340 2339 2336 2337
780        2343 2342 2339 2340
781        2346 2345 2342 2343
782        2349 2348 2345 2346
783        2352 2351 2348 2349
784        2355 2354 2351 2352
785        2358 2357 2354 2355
786        2361 2360 2357 2358
787        2364 2363 2360 2361
788        2367 2366 2363 2364
789        2370 2369 2366 2367
790        2373 2372 2369 2370
791        2376 2375 2372 2373
792        2379 2378 2375 2376
793        2382 2381 2378 2379
794        2385 2384 2381 2382
795        2388 2387 2384 2385
796        2391 2390 2387 2388
797        2394 2393 2390 2391
798        2397 2396 2393 2394
799        2400 2399 2396 2397
800        2403 2402 2399 2400
801        2406 2405 2402 2403
802        2409 2408 2405 2406
803        2412 2411 2408 2409
804        2415 2414 2411 2412
805        2418 2417 2414 2415
806        2421 2420 2417 2418
807        2424 2423 2420 2421
808        2427 2426 2423 2424
809        2430 2429 2426 2427
810        2433 2432 2429 2430
811        2436 2435 2432 2433
812        2439 2438 2435 2436
813        2442 2441 2438 2439
814        2445 2444 2441 2442
815        2448 2447 2444 2445
816        2451 2450 2447 2448
817        2454 2453 2450 2451
818        2457 2456 2453 2454
819        2460 2459 2456 2457
820        2463 2462 2459 2460
821        2466 2465 2462 2463
822        2469 2468 2465 2466
823        2472 2471 2468 2469
824        2475 2474 2471 2472
825        2478 2477 2474 2475
826        2481 2480 2477 2478
827        2484 2483 2480 2481
828        2487 2486 2483 2484
829        2490 2489 2486 2487
830        2493 2492 2489 2490
831        2496 2495 2492 2493
832        2499 2498 2495 2496
833        2502 2501 2498 2499
834        2505 2504 2501 2502
835        2508 2507 2504 2505
836        2511 2510 2507 2508
837        2514 2513 2510 2511
838        2517 2516 2513 2514
839        2520 2519 2516 2517
840        2523 2522 2519 2520
841        2526 2525 2522 2523
842        2529 2528 2525 2526
843        2532 2531 2528 2529
844        2535 2534 2531 2532
845        2538 2537 2534 2535
846        2541 2540 2537 2538
847        2544 2543 2540 2541
848        2547 2546 2543 2544
849        2550 2549 2546 2547
850        2553 2552 2549 2550
851        2556 2555 2552 2553
852        2559 2558 2555 2556
853        2562 2561 2558 2559
854        2565 2564 2561 2562
855        2568 2567 2564 2565
856        2571 2570 2567 2568
857        2574 2573 2570 2571
858        2577 2576 2573 2574
859        2580 2579 2576 2577
860        2583 2582 2579 2580
861        2586 2585 2582 2583
862        2589 2588 2585 2586
863        2592 2591 2588 2589
864        2595 2594 2591 2592
865        2598 2597 2594 2595
866        2601 2600 2597 2598
867        2604 2603 2600 2601
868        2607 2606 2603 2604
869        2610 2609 2606 2607
870        2613 2612 2609 2610
871        2616 2615 2612 2613
872        2619 2618 2615 2616
873        2622 2621 2618 2619
874        2625 2624 2621 2622
875        2628 2627 2624 2625
876        2631 2630 2627 2628
877        2634 2633 2630 2631
878        2637 2636 2633 2634
879        2640 2639 2636 2637
880        2643 2642 2639 2640
881        2646 2645 2642 2643
882        2649 2648 2645 2646
883        2652 2651 2648 2649
884        2655 2654 2651 2652
885        2658 2657 2654 2655
886        2661 2660 2657 2658
887        2664 2663 2660 2661
888        2667 2666 2663 2664
889        2670 2669 2666 2667
890        2673 2672 2669 2670
891        2676 2675 2672 2673
892        2679 2678 2675 2676
893        2682 2681 2678 2679
894        2685 2684 2681 2682
895        2688 2687 2684 2685
896        2691 2690 2687 2688
897        2694 2693 2690 2691
898        2697 2696 2693 2694
899        2700 2699 2696 2697
900        2703 2702 2699 2700
901        2706 2705 2702 2703
902        2709 2708 2705 2706
903        2712 2711 2708 2709
904        2715 2714 2711 2712
905        2718 2717 2714 2715
906        2721 2720 2717 2718
907        2724 2723 2720 2721
908        2727 2726 2723 2724
909        2730 2729 2726 2727
910        2733 2732 2729 2730
911        2736 2735 2732 2733
912        2739 2738 2735 2736
913        2742 2741 2738 2739
914        2745 2744 2741 2742
915        2748 2747 2744 2745
916        2751 2750 2747 2748
917        2754 2753 2750 2751
918        2757 2756 2753 2754
919        2760 2759 2756 2757
920        2763 2762 2759 2760
921        2766 2765 2762 2763
922        2769 2768 2765 2766
923        2772 2771 2768 2769
924        2775 2774 2771 2772
925        2778 2777 2774 2775
926        2781 2780 2777 2778
927        2784 2783 2780 2781
928        2787 2786 2783 2784
929        2790 2789 2786 2787
930        2793 2792 2789 2790
931        2796 2795 2792 2793
932        2799 2798 2795 2796
933        2802 2801 2798 2799
934        2805 2804 2801 2802
935        2808 2807 2804 2805
936        2811 2810 2807 2808
937        2814 2813 2810 2811
938        2817 2816 2813 2814
939        2820 2819 2816 2817
940        2823 2822 2819 2820
941        2826 2825 2822 2823
942        2829 2828 2825 2826
943        2832 2831 2828 2829
944        2835 2834 2831 2832
945        2838 2837 2834 2835
946        2841 2840 2837 2838
947        2844 2843 2840 2841
948        2847 2846 2843 2844
949        2850 2849 2846 2847
950        2853 2852 2849 2850
951        2856 2855 2852 2853
952        2859 2858 2855 2856
953        2862 2861 2858 2859
954        2865 2864 2861 2862
955        2868 2867 2864 2865
956        2871 2870 2867 2868
957        2874 2873 2870 2871
958        2877 2876 2873 2874
959        2880 2879 2876 2877
960        2883 2882 2879 2880
961        2886 2885 2882 2883
962        2889 2888 2885 2886
963        2892 2891 2888 2889
964        2895 2894 2891 2892
965        2898 2897 2894 2895
966        2901 2900 2897 2898
967        2904 2903 2900 2901
968        2907 2906 2903 2904
969        2910 2909 2906 2907
970        2913 2912 2909 2910
971        2916 2915 2912 2913
972        2919 2918 2915 2916
973        2922 2921 2918 2919
974        2925 2924 2921 2922
975        2928 2927 2924 2925
976        2931 2930 2927 2928
977        2934 2933 2930 2931
978        2937 2936 2933 2934
979        2940 2939 2936 2937
980        2943 2942 2939 2940
981        2946 2945 2942 2943
982        2949 2948 2945 2946
983        2952 2951 2948 2949
984        2955 2954 2951 2952
985        2958 2957 2954 2955
986        2961 2960 2957 2958
987        2964 2963 2960 2961
988        2967 2966 2963 2964
989        2970 2969 2966 2967
990        2973 2972 2969 2970
991        2976 2975 2972 2973
992        2979 2978 2975 2976
993        2982 2981 2978 2979
994        2985 2984 2981 2982
995        2988 2987 2984 2985
996        2991 2990 2987 2988
997        2994 2993 2990 2991
998        2997 2996 2993 2994
999        3000 2999 2996 2997
2001        4 2 1 3
2002        7 5 2 4
2003        11 10 5 7
2004        14 13 10 11
2005        17 16 13 14
2006        20 19 16 17
2007        23 22 19 20
2008        26 25 22 23
2009        29 28 25 26
2010        32 31 28 29
2011        35 34 31 32
2012        38 37 34 35
2013        41 40 37 38
2014        44 43 40 41
2015        47 46 43 44
2016        50 49 46 47
2017        53 52 49 50
2018        56 55 52 53
2019        59 58 55 56
2020        62 61 58 59
2021        65 64 61 62
2022        68 67 64 65
2023        71 70 67 68
2024        74 73 70 71
2025        77 76 73 74
2026        80 79 76 77
2027        83 82 79 80
2028        86 85 82 83
2029        89 88 85 86
2030        92 91 88 89
2031        95 94 91 92
2032        98 97 94 95
2033        101 100 97 98
2034        104 103 100 101
2035        107 106 103 104
2036        110 109 106 107
2037        113 112 109 110
2038        116 115 112 113
2039        119 118 115 116
2040        122 121 118 119
2041        125 124 121 122
2042        128 127 124 125
2043        131 130 127 128
2044        134 133 130 131
2045        137 136 133 134
2046        140 139 136 137
2047        143 142 139 140
2048        146 145 142 143
2049        149 148 145 146
2050        152 151 148 149
2051        155 154 151 152
2052        158 157 154 155
2053        161 160 157 158
2054        164 163 160 161
2055        167 166 163 164
2056        170 169 166 167
2057        173 172 169 170
2058        176 175 172 173
2059        179 178 175 176
2060        182 181 178 179
2061        185 184 181 182
2062        188 187 184 185
2063        191 190 187 188
2064        194 193 190 191
2065        197 196 193 194
2066        200 199 196 197
2067        203 202 199 200
2068        206 205 202 203
2069        209 208 205 206
2070        212 211 208 209
2071        215 214 211 212
2072        218 217 214 215
2073        221 220 217 218
2074        224 223 220 221
2075        227 226 223 224
2076        230 229 226 227
2077        233 232 229 230
2078        236 235 232 233
2079        239 238 235 236
2080        242 241 238 239
2081        245 244 241 242
2082        248 247 244 245
2083        251 250 247 248
2084        254 253 250 251
2085        257 256 253 254
2086        260 259 256 257
2087        263 262 259 260
2088        266 265 262 263
2089        269 268 265 266
2090        272 271 268 269
2091        275 274 271 272
2092        278 277 274 275
2093        281 280 277 278
2094        284 283 280 281
2095        287 286 283 284
2096        290 289 286 287
2097        293 292 289 290
2098        296 295 292 293
2099        299 298 295 296
2100        302 301 298 299
2101        305 304 301 302
2102        308 307 304 305
2103        311 310 307 308
2104        314 313 310 311
2105        317 316 313 314
2106        320 319 316 317
2107        323 322 319 320
2108        326 325 322 323
2109        329 328 325 326
2110        332 331 328 329
2111        335 334 331 332
2112        338 337 334 335
2113        341 340 337 338
2114        344 343 340 341
2115        347 346 343 344
2116        350 349 346 347
2117        353 352 349 350
2118        356 355 352 353
2119        359 358 355 356
2120        362 361 358 359
2121        365 364 361 362
2122        368 367 364 365
2123        371 370 367 368
2124        374 373 370 371
2125        377 376 373 374
2126        380 379 376 377
2127        383 382 379 380
2128        386 385 382 383
2129        389 388 385 386
2130        392 391 388 389
2131        395 394 391 392
2132        398 397 394 395
2133        401 400 397 398
2134        404 403 400 401
2135        407 406 403 404
2136        410 409 406 407
2137        413 412 409 410
2138        416 415 412 413
2139        419 418 415 416
2140        422 421 418 419
2141        425 424 421 422
2142        428 427 424 425
2143        431 430 427 428
2144        434 433 430 431
2145        437 436 433 434
2146        440 439 436 437
2147        443 442 439 440
2148        446 445 442 443
2149        449 448 445 446
2150        452 451 448 449
2151        455 454 451 452
2152        458 457 454 455
2153        461 460 457 458
2154        464 463 460 461
2155        467 466 463 464
2156        470 469 466 467
2157        473 472 469 470
2158        476 475 472 473
2159        479 478 475 476
2160        482 481 478 479
2161        485 484 481 482
2162        488 487 484 485
2163        491 490 487 488
2164        494 493 490 491
2165        497 496 493 494
2166        500 499 496 497
2167        503 502 499 500
2168        506 505 502 503
2169        509 508 505 506
2170        512 511 508 509
2171        515 514 511 512
2172        518 517 514 515
2173        521 520 517 518
2174        524 523 520 521
2175        527 526 523 524
2176        530 529 526 527
2177        533 532 529 530
2178        536 535 532 533
2179        539 538 535 536
2180        542 541 538 539
2181        545 544 541 542
2182        548 547 544 545
2183        551 550 547 548
2184        554 553 550 551
2185        557 556 553 554
2186        560 559 556 557
2187        563 562 559 560
2188        566 565 562 563
2189        569 568 565 566
2190        572 571 568 569
2191        575 574 571 572
2192        578 577 574 575
2193        581 580 577 578
2194        584 583 580 581
2195        587 586 583 584
2196        590 589 586 587
2197        593 592 589 590
2198        596 595 592 593
2199        599 598 595 596
2200        602 601 598 599
2201        605 604 601 602
2202        608 607 604 605
2203        611 610 607 608
2204        614 613 610 611
2205        617 616 613 614
2206        620 619 616 617
2207        623 622 619 620
2208        626 625 622 623
2209        629 628 625 626
2210        632 631 628 629
2211        635 634 631 632
2212        638 637 634 635
2213        641 640 637 638
2214        644 643 640 641
2215        647 646 643 644
2216        650 649 646 647
2217        653 652 649 650
2218        656 655 652 653
2219        659 658 655 656
2220        662 661 658 659
2221        665 664 661 662
2222        668 667 664 665
2223        671 670 667 668
2224        674 673 670 671
2225        677 676 673 674
2226        680 679 676 677
2227        683 682 679 680
2228        686 685 682 683
2229        689 688 685 686
2230        692 691 688 689
2231        695 694 691 692
2232        698 697 694 695
2233        701 700 697 698
2234        704 703 700 701
2235        707 706 703 704
2236        710 709 706 707
2237        713 712 709 710
2238        716 715 712 713
2239        719 718 715 716
2240        722 721 718 719
2241        725 724 721 722
2242        728 727 724 725
2243        731 730 727 728
2244        734 733 730 731
2245        737 736 733 734
2246        740 739 736 737
2247        743 742 739 740
2248        746 745 742 743
2249        749 748 745 746
2250        752 751 748 749
2251        755 754 751 752
2252        758 757 754 755
2253        761 760 757 758
2254        764 763 760 761
2255        767 766 763 764
2256        770 769 766 767
2257        773 772 769 770
2258        776 775 772 773
2259        779 778 775 776
2260        782 781 778 779
2261        785 784 781 782
2262        788 787 784 785
2263        791 790 787 788
2264        794 793 790 791
2265        797 796 793 794
2266        800 799 796 797
2267        803 802 799 800
2268        806 805 802 803
2269        809 808 805 806
2270        812 811 808 809
2271        815 814 811 812
2272        818 817 814 815
2273        821 820 817 818
2274        824 823 820 821
2275        827 826 823 824
2276        830 829 826 827
2277        833 832 829 830
2278        836 835 832 833
2279        839 838 835 836
2280        842 841 838 839
2281        845 844 841 842
2282        848 847 844 845
2283        851 850 847 848
2284        854 853 850 851
2285        857 856 853 854
2286        860 859 856 857
2287        863 862 859 860
2288        866 865 862 863
2289        869 868 865 866
2290        872 871 868 869
2291        875 874 871 872
2292        878 877 874 875
2293        881 880 877 878
2294        884 883 880 881
2295        887 886 883 884
2296        890 889 886 887
2297        893 892 889 890
2298        896 895 892 893
2299        899 898 895 896
2300        902 901 898 899
2301        905 904 901 902
2302        908 907 904 905
2303        911 910 907 908
2304        914 913 910 911
2305        917 916 913 914
2306        920 919 916 917
2307        923 922 919 920
2308        926 925 922 923
2309        929 928 925 926
2310        932 931 928 929
2311        935 934 931 932
2312        938 937 934 935
2313        941 940 937 938
2314        944 943 940 941
2315        947 946 943 944
2316        950 949 946 947
2317        953 952 949 950
2318        956 955 952 953
2319        959 958 955 956
2320        962 961 958 959
2321        965 964 961 962
2322        968 967 964 965
2323        971 970 967 968
2324        974 973 970 971
2325        977 976 973 974
2326        980 979 976 977
2327        983 982 979 980
2328        986 985 982 983
2329        989 988 985 986
2330        992 991 988 989
2331        995 994 991 992
2332        998 997 994 995
2333        1001 1000 997 998
2334        1004 1003 1000 1001
2335        1007 1006 1003 1004
2336        1010 1009 1006 1007
2337        1013 1012 1009 1010
2338        1016 1015 1012 1013
2339        1019 1018 1015 1016
2340        1022 1021 1018 1019
2341        1025 1024 1021 1022
2342        1028 1027 1024 1025
2343        1031 1030 1027 1028
2344        1034 1033 1030 1031
2345        1037 1036 1033 1034
2346        1040 1039 1036 1037
2347        1043 1042 1039 1040
2348        1046 1045 1042 1043
2349        1049 1048 1045 1046
2350        1052 1051 1048 1049
2351        1055 1054 1051 1052
2352        1058 1057 1054 1055
2353        1061 1060 1057 1058
2354        1064 1063 1060 1061
2355        1067 1066 1063 1064
2356        1070 1069 1066 1067
2357        1073 1072 1069 1070
2358        1076 1075 1072 1073
2359        1079 1078 1075 1076
2360        1082 1081 1078 1079
2361        1085 1084 1081 1082
2362        1088 1087 1084 1085
2363        1091 1090 1087 1088
2364        1094 1093 1090 1091
2365        1097 1096 1093 1094
2366        1100 1099 1096 1097
2367        1103 1102 1099 1100
2368        1106 1105 1102 1103
2369        1109 1108 1105 1106
2370        1112 1111 1108 1109
2371        1115 1114 1111 1112
2372        1118 1117 1114 1115
2373        1121 1120 1117 1118
2374        1124 1123 1120 1121
2375        1127 1126 1123 1124
2376        1130 1129 1126 1127
2377        1133 1132 1129 1130
2378        1136 1135 1132 1133
2379        1139 1138 1135 1136
2380        1142 1141 1138 1139
2381        1145 1144 1141 1142
2382        1148 1147 1144 1145
2383        1151 1150 1147 1148
2384        1154 1153 1150 1151
2385        1157 1156 1153 1154
2386        1160 1159 1156 1157
2387        1163 1162 1159 1160
2388        1166 1165 1162 1163
2389        1169 1168 1165 1166
2390        1172 1171 1168 1169
2391        1175 1174 1171 1172
2392        1178 1177 1174 1175
2393        1181 1180 1177 1178
2394        1184 1183 1180 1181
2395        1187 1186 1183 1184
2396        1190 1189 1186 1187
2397        1193 1192 1189 1190
2398        1196 1195 1192 1193
2399        1199 1198 1195 1196
2400        1202 1201 1198 1199
2401        1205 1204 1201 1202
2402        1208 1207 1204 1205
2403        1211 1210 1207 1208
2404        1214 1213 1210 1211
2405        1217 1216 1213 1214
2406        1220 1219 1216 1217
2407        1223 1222 1219 1220
2408        1226 1225 1222 1223
2409        1229 1228 1225 1226
2410        1232 1231 1228 1229
2411        1235 1234 1231 1232
2412        1238 1237 1234 1235
2413        1241 1240 1237 1238
2414        1244 1243 1240 1241
2415        1247 1246 1243 1244
2416        1250 1249 1246 1247
2417        1253 1252 1249 1250
2418        1256 1255 1252 1253
2419        1259 1258 1255 1256
2420        1262 1261 1258 1259
2421        1265 1264 1261 1262
2422        1268 1267 1264 1265
2423        1271 1270 1267 1268
2424        1274 1273 1270 1271
2425        1277 1276 1273 1274
2426        1280 1279 1276 1277
2427        1283 1282 1279 1280
2428        1286 1285 1282 1283
2429        1289 1288 1285 1286
2430        1292 1291 1288 1289
2431        1295 1294 1291 1292
2432        1298 1297 1294 1295
2433        1301 1300 1297 1298
2434        1304 1303 1300 1301
2435        1307 1306 1303 1304
2436        1310 1309 1306 1307
2437        1313 1312 1309 1310
2438        1316 1315 1312 1313
2439        1319 1318 1315 1316
2440        1322 1321 1318 1319
2441        1325 1324 1321 1322
2442        1328 1327 1324 1325
2443        1331 1330 1327 1328
2444        1334 1333 1330 1331
2445        1337 1336 1333 1334
2446        1340 1339 1336 1337
2447        1343 1342 1339 1340
2448        1346 1345 1342 1343
2449        1349 1348 1345 1346
2450        1352 1351 1348 1349
2451        1355 1354 1351 1352
2452        1358 1357 1354 1355
2453        1361 1360 1357 1358
2454        1364 1363 1360 1361
2455        1367 1366 1363 1364
2456        1370 1369 1366 1367
2457        1373 1372 1369 1370
2458        1376 1375 1372 1373
2459        1379 1378 1375 1376
2460        1382 1381 1378 1379
2461        1385 1384 1381 1382
2462        1388 1387 1384 1385
2463        1391 1390 1387 1388
2464        1394 1393 1390 1391
2465        1397 1396 1393 1394
2466        1400 1399 1396 1397
2467        1403 1402 1399 1400
2468        1406 1405 1402 1403
2469        1409 1408 1405 1406
2470        1412 1411 1408 1409
2471        1415 1414 1411 1412
2472        1418 1417 1414 1415
2473        1421 1420 1417 1418
2474        1424 1423 1420 1421
2475        1427 1426 1423 1424
2476        1430 1429 1426 1427
2477        1433 1432 1429 1430
2478        1436 1435 1432 1433
2479        1439 1438 1435 1436
2480        1442 1441 1438 1439
2481        1445 1444 1441 1442
2482        1448 1447 1444 1445
2483        1451 1450 1447 1448
2484        1454 1453 1450 1451
2485        1457 1456 1453 1454
2486        1460 1459 1456 1457
2487        1463 1462 1459 1460
2488        1466 1465 1462 1463
2489        1469 1468 1465 1466
2490        1472 1471 1468 1469
2491        1475 1474 1471 1472
2492        1478 1477 1474 1475
2493        1481 1480 1477 1478
2494        1484 1483 1480 1481
2495        1487 1486 1483 1484
2496        1490 1489 1486 1487
2497        1493 1492 1489 1490
2498        1496 1495 1492 1493
2499        1499 1498 1495 1496
2500        1502 1501 1498 1499
2501        1505 1504 1501 1502
2502        1508 1507 1504 1505
2503        1511 1510 1507 1508
2504        1514 1513 1510 1511
2505        1517 1516 1513 1514
2506        1520 1519 1516 1517
2507        1523 1522 1519 1520
2508        1526 1525 1522 1523
2509        1529 1528 1525 1526
2510        1532 1531 1528 1529
2511        1535 1534 1531 1532
2512        1538 1537 1534 1535
2513        1541 1540 1537 1538
2514        1544 1543 1540 1541
2515        1547 1546 1543 1544
2516        1550 1549 1546 1547
2517        1553 1552 1549 1550
2518        1556 1555 1552 1553
2519        1559 1558 1555 1556
2520        1562 1561 1558 1559
2521        1565 1564 1561 1562
2522        1568 1567 1564 1565
2523        1571 1570 1567 1568
2524        1574 1573 1570 1571
2525        1577 1576 1573 1574
2526        1580 1579 1576 1577
2527        1583 1582 1579 1580
2528        1586 1585 1582 1583
2529        1589 1588 1585 1586
2530        1592 1591 1588 1589
2531        1595 1594 1591 1592
2532        1598 1597 1594 1595
2533        1601 1600 1597 1598
2534        1604 1603 1600 1601
2535        1607 1606 1603 1604
2536        1610 1609 1606 1607
2537        1613 1612 1609 1610
2538        1616 1615 1612 1613
2539        1619 1618 1615 1616
2540        1622 1621 1618 1619
2541        1625 1624 1621 1622
2542        1628 1627 1624 1625
2543        1631 1630 1627 1628
2544        1634 1633 1630 1631
2545        1637 1636 1633 1634
2546        1640 1639 1636 1637
2547        1643 1642 1639 1640
2548        1646 1645 1642 1643
2549        1649 1648 1645 1646
2550        1652 1651 1648 1649
2551        1655 1654 1651 1652
2552        1658 1657 1654 1655
2553        1661 1660 1657 1658
2554        1664 1663 1660 1661
2555        1667 1666 1663 1664
2556        1670 1669 1666 1667
2557        1673 1672 1669 1670
2558        1676 1675 1672 1673
2559        1679 1678 1675 1676
2560        1682 1681 1678 1679
2561        1685 1684 1681 1682
2562        1688 1687 1684 1685
2563        1691 1690 1687 1688
2564        1694 1693 1690 1691
2565        1697 1696 1693 1694
2566        1700 1699 1696 1697
2567        1703 1702 1699 1700
2568        1706 1705 1702 1703
2569        1709 1708 1705 1706
2570        1712 1711 1708 1709
2571        1715 1714 1711 1712
2572        1718 1717 1714 1715
2573        1721 1720 1717 1718
2574        1724 1723 1720 1721
2575        1727 1726 1723 1724
2576        1730 1729 1726 1727
2577        1733 1732 1729 1730
2578        1736 1735 1732 1733
2579        1739 1738 1735 1736
2580        1742 1741 1738 1739
2581        1745 1744 1741 1742
2582        1748 1747 1744 1745
2583        1751 1750 1747 1748
2584        1754 1753 1750 1751
2585        1757 1756 1753 1754
2586        1760 1759 1756 1757
2587        1763 1762 1759 1760
2588        1766 1765 1762 1763
2589        1769 1768 1765 1766
2590        1772 1771 1768 1769
2591        1775 1774 1771 1772
2592        1778 1777 1774 1775
2593        1781 1780 1777 1778
2594        1784 1783 1780 1781
2595        1787 1786 1783 1784
2596        1790 1789 1786 1787
2597        1793 1792 1789 1790
2598        1796 1795 1792 1793
2599        1799 1798 1795 1796
2600        1802 1801 1798 1799
2601        1805 1804 1801 1802
2602        1808 1807 1804 1805
2603        1811 1810 1807 1808
2604        1814 1813 1810 1811
2605        1817 1816 1813 1814
2606        1820 1819 1816 1817
2607        1823 1822 1819 1820
2608        1826 1825 1822 1823
2609        1829 1828 1825 1826
2610        1832 1831 1828 1829
2611        1835 1834 1831 1832
2612        1838 1837 1834 1835
2613        1841 1840 1837 1838
2614        1844 1843 1840 1841
2615        1847 1846 1843 1844
2616        1850 1849 1846 1847
2617        1853 1852 1849 1850
2618        1856 1855 1852 1853
2619        1859 1858 1855 1856
2620        1862 1861 1858 1859
2621        1865 1864 1861 1862
2622        1868 1867 1864 1865
2623        1871 1870 1867 1868
2624        1874 1873 1870 1871
2625        1877 1876 1873 1874
2626        1880 1879 1876 1877
2627        1883 1882 1879 1880
2628        1886 1885 1882 1883
2629        1889 1888 1885 1886
2630        1892 1891 1888 1889
2631        1895 1894 1891 1892
2632        1898 1897 1894 1895
2633        1901 1900 1897 1898
2634        1904 1903 1900 1901
2635        1907 1906 1903 1904
2636        1910 1909 1906 1907
2637        1913 1912 1909 1910
2638        1916 1915 1912 1913
2639        1919 1918 1915 1916
2640        1922 1921 1918 1919
2641        1925 1924 1921 1922
2642        1928 1927 1924 1925
2643        1931 1930 1927 1928
2644        1934 1933 1930 1931
2645        1937 1936 1933 1934
2646        1940 1939 1936 1937
2647        1943 1942 1939 1940
2648        1946 1945 1942 1943
2649        1949 1948 1945 1946
2650        1952 1951 1948 1949
2651        1955 1954 1951 1952
2652        1958 1957 1954 1955
2653        1961 1960 1957 1958
2654        1964 1963 1960 1961
2655        1967 1966 1963 1964
2656        1970 1969 1966 1967
2657        1973 1972 1969 1970
2658        1976 1975 1972 1973
2659        1979 1978 1975 1976
2660        1982 1981 1978 1979
2661        1985 1984 1981 1982
2662        1988 1987 1984 1985
2663        1991 1990 1987 1988
2664        1994 1993 1990 1991
2665        1997 1996 1993 1994
2666        2000 1999 1996 1997
2667        2003 2002 1999 2000
2668        2006 2005 2002 2003
2669        2009 2008 2005 2006
2670        2012 2011 2008 2009
2671        2015 2014 2011 2012
2672        2018 2017 2014 2015
2673        2021 2020 2017 2018
2674        2024 2023 2020 2021
2675        2027 2026 2023 2024
2676        2030 2029 2026 2027
2677        2033 2032 2029 2030
2678        2036 2035 2032 2033
2679        2039 2038 2035 2036
2680        2042 2041 2038 2039
2681        2045 2044 2041 2042
2682        2048 2047 2044 2045
2683        2051 2050 2047 2048
2684        2054 2053 2050 2051
2685        2057 2056 2053 2054
2686        2060 2059 2056 2057
2687        2063 2062 2059 2060
2688        2066 2065 2062 2063
2689        2069 2068 2065 2066
2690        2072 2071 2068 2069
2691        2075 2074 2071 2072
2692        2078 2077 2074 2075
2693        2081 2080 2077 2078
2694        2084 2083 2080 2081
2695        2087 2086 2083 2084
2696        2090 2089 2086 2087
2697        2093 2092 2089 2090
2698        2096 2095 2092 2093
2699        2099 2098 2095 2096
2700        2102 2101 2098 2099
2701        2105 2104 2101 2102
2702        2108 2107 2104 2105
2703        2111 2110 2107 2108
2704        2114 2113 2110 2111
2705        2117 2116 2113 2114
2706        2120 2119 2116 2117
2707        2123 2122 2119 2120
2708        2126 2125 2122 2123
2709        2129 2128 2125 2126
2710        2132 2131 2128 2129
2711        2135 2134 2131 2132
2712        2138 2137 2134 2135
2713        2141 2140 2137 2138
2714        2144 2143 2140 2141
2715        2147 2146 2143 2144
2716        2150 2149 2146 2147
2717        2153 2152 2149 2150
2718        2156 2155 2152 2153
2719        2159 2158 2155 2156
2720        2162 2161 2158 2159
2721        2165 2164 2161 2162
2722        2168 2167 2164 2165
2723        2171 2170 2167 2168
2724        2174 2173 2170 2171
2725        2177 2176 2173 2174
2726        2180 2179 2176 2177
2727        2183 2182 2179 2180
2728        2186 2185 2182 2183
2729        2189 2188 2185 2186
2730        2192 2191 2188 2189
2731        2195 2194 2191 2192
2732        2198 2197 2194 2195
2733        2201 2200 2197 2198
2734        2204 2203 2200 2201
2735        2207 2206 2203 2204
2736        2210 2209 2206 2207
2737        2213 2212 2209 2210
2738        2216 2215 2212 2213
2739        2219 2218 2215 2216
2740        2222 2221 2218 2219
2741        2225 2224 2221 2222
2742        2228 2227 2224 2225
2743        2231 2230 2227 2228
2744        2234 2233 2230 2231
2745        2237 2236 2233 2234
2746        2240 2239 2236 2237
2747        2243 2242 2239 2240
2748        2246 2245 2242 2243
2749        2249 2248 2245 2246
2750        2252 2251 2248 2249
2751        2255 2254 2251 2252
2752        2258 2257 2254 2255
2753        2261 2260 2257 2258
2754        2264 2263 2260 2261
2755        2267 2266 2263 2264
2756        2270 2269 2266 2267
2757        2273 2272 2269 2270
2758        2276 2275 2272 2273
2759        2279 2278 2275 2276
2760        2282 2281 2278 2279
2761        2285 2284 2281 2282
2762        2288 2287 2284 2285
2763        2291 2290 2287 2288
2764        2294 2293 2290 2291
2765        2297 2296 2293 2294
2766        2300 2299 2296 2297
2767        2303 2302 2299 2300
2768        2306 2305 2302 2303
2769        2309 2308 2305 2306
2770        2312 2311 2308 2309
2771        2315 2314 2311 2312
2772        2318 2317 2314 2315
2773        2321 2320 2317 2318
2774        2324 2323 2320 2321
2775        2327 2326 2323 2324
2776        2330 2329 2326 2327
2777        2333 2332 2329 2330
2778        2336 2335 2332 2333
2779        2339 2338 2335 2336
2780        2342 2341 2338 2339
2781        2345 2344 2341 2342
2782        2348 2347 2344 2345
2783        2351 2350 2347 2348
2784        2354 2353 2350 2351
2785        2357 2356 2353 2354
2786        2360 2359 2356 2357
2787        2363 2362 2359 2360
2788        2366 2365 2362 2363
2789        2369 2368 2365 2366
2790        2372 2371 2368 2369
2791        2375 2374 2371 2372
2792        2378 2377 2374 2375
2793        2381 2380 2377 2378
2794        2384 2383 2380 2381
2795        2387 2386 2383 2384
2796        2390 2389 2386 2387
2797        2393 2392 2389 2390
2798        2396 2395 2392 2393
2799        2399 2398 2395 2396
2800        2402 2401 2398 2399
2801        2405 2404 2401 2402
2802        2408 2407 2404 2405
2803        2411 2410 2407 2408
2804        2414 2413 2410 2411
2805        2417 2416 2413 2414
2806        2420 2419 2416 2417
2807        2423 2422 2419 2420
2808        2426 2425 2422 2423
2809        2429 2428 2425 2426
2810        2432 2431 2428 2429
2811        2435 2434 2431 2432
2812        2438 2437 2434 2435
2813        2441 2440 2437 2438
2814        2444 2443 2440 2441
2815        2447 2446 2443 2444
2816        2450 2449 2446 2447
2817        2453 2452 2449 2450
2818        2456 2455 2452 2453
2819        2459 2458 2455 2456
2820        2462 2461 2458 2459
2821        2465 2464 2461 2462
2822        2468 2467 2464 2465
2823        2471 2470 2467 2468
2824        2474 2473 2470 2471
2825        2477 2476 2473 2474
2826        2480 2479 2476 2477
2827        2483 2482 2479 2480
2828        2486 2485 2482 2483
2829        2489 2488 2485 2486
2830        2492 2491 2488 2489
2831        2495 2494 2491 2492
2832        2498 2497 2494 2495
2833        2501 2500 2497 2498
2834        2504 2503 2500 2501
2835        2507 2506 2503 2504
2836        2510 2509 2506 2507
2837        2513 2512 2509 2510
2838        2516 2515 2512 2513
2839        2519 2518 2515 2516
2840        2522 2521 2518 2519
2841        2525 2524 2521 2522
2842        2528 2527 2524 2525
2843        2531 2530 2527 2528
2844        2534 2533 2530 2531
2845        2537 2536 2533 2534
2846        2540 2539 2536 2537
2847        2543 2542 2539 2540
2848        2546 2545 2542 2543
2849        2549 2548 2545 2546
2850        2552 2551 2548 2549
2851        2555 2554 2551 2552
2852        2558 2557 2554 2555
2853        2561 2560 2557 2558
2854        2564 2563 2560 2561
2855        2567 2566 2563 2564
2856        2570 2569 2566 2567
2857        2573 2572 2569 2570
2858        2576 2575 2572 2573
2859        2579 2578 2575 2576
2860        2582 2581 2578 2579
2861        2585 2584 2581 2582
2862        2588 2587 2584 2585
2863        2591 2590 2587 2588
2864        2594 2593 2590 2591
2865        2597 2596 2593 2594
2866        2600 2599 2596 2597
2867        2603 2602 2599 2600
2868        2606 2605 2602 2603
2869        2609 2608 2605 2606
2870        2612 2611 2608 2609
2871        2615 2614 2611 2612
2872        2618 2617 2614 2615
2873        2621 2620 2617 2618
2874        2624 2623 2620 2621
2875        2627 2626 2623 2624
2876        2630 2629 2626 2627
2877        2633 2632 2629 2630
2878        2636 2635 2632 2633
2879        2639 2638 2635 2636
2880        2642 2641 2638 2639
2881        2645 2644 2641 2642
2882        2648 2647 2644 2645
2883        2651 2650 2647 2648
2884        2654 2653 2650 2651
2885        2657 2656 2653 2654
2886        2660 2659 2656 2657
2887        2663 2662 2659 2660
2888        2666 2665 2662 2663
2889        2669 2668 2665 2666
2890        2672 2671 2668 2669
2891        2675 2674 2671 2672
2892        2678 2677 2674 2675
2893        2681 2680 2677 2678
2894        2684 2683 2680 2681
2895        2687 2686 2683 2684
2896        2690 2689 2686 2687
2897        2693 2692 2689 2690
2898        2696 2695 2692 2693
2899        2699 2698 2695 2696
2900        2702 2701 2698 2699
2901        2705 2704 2701 2702
2902        2708 2707 2704 2705
2903        2711 2710 2707 2708
2904        2714 2713 2710 2711
2905        2717 2716 2713 2714
2906        2720 2719 2716 2717
2907        2723 2722 2719 2720
2908        2726 2725 2722 2723
2909        2729 2728 2725 2726
2910        2732 2731 2728 2729
2911        2735 2734 2731 2732
2912        2738 2737 2734 2735
2913        2741 2740 2737 2738
2914        2744 2743 2740 2741
2915        2747 2746 2743 2744
2916        2750 2749 2746 2747
2917        2753 2752 2749 2750
2918        2756 2755 2752 2753
2919        2759 2758 2755 2756
2920        2762 2761 2758 2759
2921        2765 2764 2761 2762
2922        2768 2767 2764 2765
2923        2771 2770 2767 2768
2924        2774 2773 2770 2771
2925        2777 2776 2773 2774
2926        2780 2779 2776 2777
2927        2783 2782 2779 2780
2928        2786 2785 2782 2783
2929        2789 2788 2785 2786
2930        2792 2791 2788 2789
2931        2795 2794 2791 2792
2932        2798 2797 2794 2795
2933        2801 2800 2797 2798
2934        2804 2803 2800 2801
2935        2807 2806 2803 2804
2936        2810 2809 2806 2807
2937        2813 2812 2809 2810
2938        2816 2815 2812 2813
2939        2819 2818 2815 2816
2940        2822 2821 2818 2819
2941        2825 2824 2821 2822
2942        2828 2827 2824 2825
2943        2831 2830 2827 2828
2944        2834 2833 2830 2831
2945        2837 2836 2833 2834
2946        2840 2839 2836 2837
2947        2843 2842 2839 2840
2948        2846 2845 2842 2843
2949        2849 2848 2845 2846
2950        2852 2851 2848 2849
2951        2855 2854 2851 2852
2952        2858 2857 2854 2855
2953        2861 2860 2857 2858
2954        2864 2863 2860 2861
2955        2867 2866 2863 2864
2956        2870 2869 2866 2867
2957        2873 2872 2869 2870
2958        2876 2875 2872 2873
2959        2879 2878 2875 2876
2960        2882 2881 2878 2879
2961        2885 2884 2881 2882
2962        2888 2887 2884 2885
2963        2891 2890 2887 2888
2964        2894 2893 2890 2891
2965        2897 2896 2893 2894
2966        2900 2899 2896 2897
2967        2903 2902 2899 2900
2968        2906 2905 2902 2903
2969        2909 2908 2905 2906
2970        2912 2911 2908 2909
2971        2915 2914 2911 2912
2972        2918 2917 2914 2915
2973        2921 2920 2917 2918
2974        2924 2923 2920 2921
2975        2927 2926 2923 2924
2976        2930 2929 2926 2927
2977        2933 2932 2929 2930
2978        2936 2935 2932 2933
2979        2939 2938 2935 2936
2980        2942 2941 2938 2939
2981        2945 2944 2941 2942
2982        2948 2947 2944 2945
2983        2951 2950 2947 2948
2984        2954 2953 2950 2951
2985        2957 2956 2953 2954
2986        2960 2959 2956 2957
2987        2963 2962 2959 2960
2988        2966 2965 2962 2963
2989        2969 2968 2965 2966
2990        2972 2971 2968 2969
2991        2975 2974 2971 2972
2992        2978 2977 2974 2975
2993        2981 2980 2977 2978
2994        2984 2983 2980 2981
2995        2987 2986 2983 2984
2996        2990 2989 2986 2987
2997        2993 2992 2989 2990
2998        2996 2995 2992 2993
2999        2999 2998 2995 2996
