3001         50.0 0.1 0.0
3002         50.0 0.0 0.0
3003         49.9 0.1 0.0
3004         49.9 0.0 0.0
3005         49.8 0.1 0.0
3006         49.8 0.0 0.0
3007         49.7 0.1 0.0
3008         49.7 0.0 0.0
3009         49.6 0.1 0.0
3010         49.6 0.0 0.0
3011         49.5 0.1 0.0
3012         49.5 0.0 0.0
3013         49.4 0.1 0.0
3014         49.4 0.0 0.0
3015         49.3 0.1 0.0
3016         49.3 0.0 0.0
3017         49.2 0.1 0.0
3018         49.2 0.0 0.0
3019         49.1 0.1 0.0
3020         49.1 0.0 0.0
3021         49.0 0.1 0.0
3022         49.0 0.0 0.0
3023         48.9 0.1 0.0
3024         48.9 0.0 0.0
3025         48.8 0.1 0.0
3026         48.8 0.0 0.0
3027         48.699999999999996 0.1 0.0
3028         48.699999999999996 0.0 0.0
3029         48.6 0.1 0.0
3030         48.6 0.0 0.0
3031         48.5 0.1 0.0
3032         48.5 0.0 0.0
3033         48.4 0.1 0.0
3034         48.4 0.0 0.0
3035         48.3 0.1 0.0
3036         48.3 0.0 0.0
3037         48.199999999999996 0.1 0.0
3038         48.199999999999996 0.0 0.0
3039         48.1 0.1 0.0
3040         48.1 0.0 0.0
3041         48.0 0.1 0.0
3042         48.0 0.0 0.0
3043         47.9 0.1 0.0
3044         47.9 0.0 0.0
3045         47.8 0.1 0.0
3046         47.8 0.0 0.0
3047         47.699999999999996 0.1 0.0
3048         47.699999999999996 0.0 0.0
3049         47.599999999999994 0.1 0.0
3050         47.599999999999994 0.0 0.0
3051         47.5 0.1 0.0
3052         47.5 0.0 0.0
3053         47.4 0.1 0.0
3054         47.4 0.0 0.0
3055         47.3 0.1 0.0
3056         47.3 0.0 0.0
3057         47.199999999999996 0.1 0.0
3058         47.199999999999996 0.0 0.0
3059         47.099999999999994 0.1 0.0
3060         47.099999999999994 0.0 0.0
3061         47.0 0.1 0.0
3062         47.0 0.0 0.0
3063         46.9 0.1 0.0
3064         46.9 0.0 0.0
3065         46.8 0.1 0.0
3066         46.800000000000004 0.0 0.0
3067         46.699999999999996 0.1 0.0
3068         46.7 0.0 0.0
3069         46.599999999999994 0.1 0.0
3070         46.6 0.0 0.0
3071         46.5 0.1 0.0
3072         46.5 0.0 0.0
3073         46.4 0.1 0.0
3074         46.400000000000006 0.0 0.0
3075         46.3 0.1 0.0
3076         46.300000000000004 0.0 0.0
3077         46.199999999999996 0.1 0.0
3078         46.2 0.0 0.0
3079         46.099999999999994 0.1 0.0
3080         46.1 0.0 0.0
3081         46.0 0.1 0.0
3082         46.0 0.0 0.0
3083         45.9 0.1 0.0
3084         45.9 0.0 0.0
3085         45.8 0.1 0.0
3086         45.800000000000004 0.0 0.0
3087         45.699999999999996 0.1 0.0
3088         45.7 0.0 0.0
3089         45.599999999999994 0.1 0.0
3090         45.6 0.0 0.0
3091         45.49999999999999 0.1 0.0
3092         45.5 0.0 0.0
3093         45.4 0.1 0.0
3094         45.4 0.0 0.0
3095         45.3 0.1 0.0
3096         45.300000000000004 0.0 0.0
3097         45.199999999999996 0.1 0.0
3098         45.2 0.0 0.0
3099         45.099999999999994 0.1 0.0
3100         45.1 0.0 0.0
3101         44.99999999999999 0.1 0.0
3102         45.0 0.0 0.0
3103         44.9 0.1 0.0
3104         44.9 0.0 0.0
3105         44.8 0.1 0.0
3106         44.800000000000004 0.0 0.0
3107         44.699999999999996 0.1 0.0
3108         44.7 0.0 0.0
3109         44.599999999999994 0.1 0.0
3110         44.6 0.0 0.0
3111         44.49999999999999 0.1 0.0
3112         44.5 0.0 0.0
3113         44.39999999999999 0.1 0.0
3114         44.4 0.0 0.0
3115         44.3 0.1 0.0
3116         44.3 0.0 0.0
3117         44.199999999999996 0.1 0.0
3118         44.2 0.0 0.0
3119         44.099999999999994 0.1 0.0
3120         44.1 0.0 0.0
3121         43.99999999999999 0.1 0.0
3122         44.0 0.0 0.0
3123         43.89999999999999 0.1 0.0
3124         43.9 0.0 0.0
3125         43.8 0.1 0.0
3126         43.8 0.0 0.0
3127         43.7 0.1 0.0
3128         43.7 0.0 0.0
3129         43.60000000000001 0.1 0.0
3130         43.6 0.0 0.0
3131         43.50000000000001 0.1 0.0
3132         43.5 0.0 0.0
3133         43.400000000000006 0.1 0.0
3134         43.4 0.0 0.0
3135         43.300000000000004 0.1 0.0
3136         43.3 0.0 0.0
3137         43.2 0.1 0.0
3138         43.2 0.0 0.0
3139         43.10000000000001 0.1 0.0
3140         43.1 0.0 0.0
3141         43.00000000000001 0.1 0.0
3142         43.0 0.0 0.0
3143         42.900000000000006 0.1 0.0
3144         42.9 0.0 0.0
3145         42.800000000000004 0.1 0.0
3146         42.8 0.0 0.0
3147         42.7 0.1 0.0
3148         42.699999999999996 0.0 0.0
3149         42.6 0.1 0.0
3150         42.6 0.0 0.0
3151         42.50000000000001 0.1 0.0
3152         42.5 0.0 0.0
3153         42.400000000000006 0.1 0.0
3154         42.4 0.0 0.0
3155         42.300000000000004 0.1 0.0
3156         42.3 0.0 0.0
3157         42.2 0.1 0.0
3158         42.199999999999996 0.0 0.0
3159         42.1 0.1 0.0
3160         42.1 0.0 0.0
3161         42.00000000000001 0.1 0.0
3162         42.0 0.0 0.0
3163         41.900000000000006 0.1 0.0
3164         41.9 0.0 0.0
3165         41.800000000000004 0.1 0.0
3166         41.8 0.0 0.0
3167         41.7 0.1 0.0
3168         41.699999999999996 0.0 0.0
3169         41.6 0.1 0.0
3170         41.6 0.0 0.0
3171         41.5 0.1 0.0
3172         41.5 0.0 0.0
3173         41.400000000000006 0.1 0.0
3174         41.4 0.0 0.0
3175         41.300000000000004 0.1 0.0
3176         41.3 0.0 0.0
3177         41.2 0.1 0.0
3178         41.199999999999996 0.0 0.0
3179         41.1 0.1 0.0
3180         41.099999999999994 0.0 0.0
3181         41.0 0.1 0.0
3182         41.0 0.0 0.0
3183         40.900000000000006 0.1 0.0
3184         40.9 0.0 0.0
3185         40.800000000000004 0.1 0.0
3186         40.8 0.0 0.0
3187         40.7 0.1 0.0
3188         40.699999999999996 0.0 0.0
3189         40.6 0.1 0.0
3190         40.6 0.0 0.0
3191         40.5 0.1 0.0
3192         40.5 0.0 0.0
3193         40.400000000000006 0.1 0.0
3194         40.400000000000006 0.0 0.0
3195         40.300000000000004 0.1 0.0
3196         40.300000000000004 0.0 0.0
3197         40.2 0.1 0.0
3198         40.2 0.0 0.0
3199         40.1 0.1 0.0
3200         40.1 0.0 0.0
3201         40.0 0.1 0.0
3202         40.0 0.0 0.0
3203         39.900000000000006 0.1 0.0
3204         39.900000000000006 0.0 0.0
3205         39.800000000000004 0.1 0.0
3206         39.800000000000004 0.0 0.0
3207         39.7 0.1 0.0
3208         39.7 0.0 0.0
3209         39.6 0.1 0.0
3210         39.6 0.0 0.0
3211         39.5 0.1 0.0
3212         39.5 0.0 0.0
3213         39.4 0.1 0.0
3214         39.4 0.0 0.0
3215         39.300000000000004 0.1 0.0
3216         39.300000000000004 0.0 0.0
3217         39.2 0.1 0.0
3218         39.2 0.0 0.0
3219         39.1 0.1 0.0
3220         39.1 0.0 0.0
3221         39.0 0.1 0.0
3222         39.0 0.0 0.0
3223         38.9 0.1 0.0
3224         38.9 0.0 0.0
3225         38.800000000000004 0.1 0.0
3226         38.800000000000004 0.0 0.0
3227         38.7 0.1 0.0
3228         38.7 0.0 0.0
3229         38.6 0.1 0.0
3230         38.6 0.0 0.0
3231         38.5 0.1 0.0
3232         38.5 0.0 0.0
3233         38.4 0.1 0.0
3234         38.4 0.0 0.0
3235         38.3 0.1 0.0
3236         38.3 0.0 0.0
3237         38.2 0.1 0.0
3238         38.2 0.0 0.0
3239         38.1 0.1 0.0
3240         38.1 0.0 0.0
3241         38.0 0.1 0.0
3242         38.0 0.0 0.0
3243         37.9 0.1 0.0
3244         37.9 0.0 0.0
3245         37.8 0.1 0.0
3246         37.8 0.0 0.0
3247         37.7 0.1 0.0
3248         37.7 0.0 0.0
3249         37.6 0.1 0.0
3250         37.6 0.0 0.0
3251         37.5 0.1 0.0
3252         37.5 0.0 0.0
3253         37.4 0.1 0.0
3254         37.4 0.0 0.0
3255         37.3 0.1 0.0
3256         37.3 0.0 0.0
3257         37.2 0.1 0.0
3258         37.2 0.0 0.0
3259         37.1 0.1 0.0
3260         37.1 0.0 0.0
3261         37.0 0.1 0.0
3262         37.0 0.0 0.0
3263         36.9 0.1 0.0
3264         36.9 0.0 0.0
3265         36.8 0.1 0.0
3266         36.8 0.0 0.0
3267         36.7 0.1 0.0
3268         36.7 0.0 0.0
3269         36.6 0.1 0.0
3270         36.6 0.0 0.0
3271         36.5 0.1 0.0
3272         36.5 0.0 0.0
3273         36.4 0.1 0.0
3274         36.4 0.0 0.0
3275         36.3 0.1 0.0
3276         36.3 0.0 0.0
3277         36.199999999999996 0.1 0.0
3278         36.199999999999996 0.0 0.0
3279         36.1 0.1 0.0
3280         36.1 0.0 0.0
3281         36.0 0.1 0.0
3282         36.0 0.0 0.0
3283         35.900000000000006 0.1 0.0
3284         35.9 0.0 0.0
3285         35.8 0.1 0.0
3286         35.8 0.0 0.0
3287         35.7 0.1 0.0
3288         35.699999999999996 0.0 0.0
3289         35.599999999999994 0.1 0.0
3290         35.6 0.0 0.0
3291         35.5 0.1 0.0
3292         35.5 0.0 0.0
3293         35.39999999999999 0.1 0.0
3294         35.4 0.0 0.0
3295         35.3 0.1 0.0
3296         35.3 0.0 0.0
3297         35.2 0.1 0.0
3298         35.199999999999996 0.0 0.0
3299         35.099999999999994 0.1 0.0
3300         35.099999999999994 0.0 0.0
3301         35.0 0.1 0.0
3302         35.0 0.0 0.0
3303         34.89999999999999 0.1 0.0
3304         34.9 0.0 0.0
3305         34.8 0.1 0.0
3306         34.8 0.0 0.0
3307         34.7 0.1 0.0
3308         34.699999999999996 0.0 0.0
3309         34.599999999999994 0.1 0.0
3310         34.599999999999994 0.0 0.0
3311         34.5 0.1 0.0
3312         34.5 0.0 0.0
3313         34.39999999999999 0.1 0.0
3314         34.4 0.0 0.0
3315         34.3 0.1 0.0
3316         34.300000000000004 0.0 0.0
3317         34.2 0.1 0.0
3318         34.2 0.0 0.0
3319         34.099999999999994 0.1 0.0
3320         34.1 0.0 0.0
3321         34.0 0.1 0.0
3322         34.0 0.0 0.0
3323         33.89999999999999 0.1 0.0
3324         33.900000000000006 0.0 0.0
3325         33.8 0.1 0.0
3326         33.800000000000004 0.0 0.0
3327         33.7 0.1 0.0
3328         33.7 0.0 0.0
3329         33.599999999999994 0.1 0.0
3330         33.6 0.0 0.0
3331         33.5 0.1 0.0
3332         33.5 0.0 0.0
3333         33.39999999999999 0.1 0.0
3334         33.4 0.0 0.0
3335         33.3 0.1 0.0
3336         33.300000000000004 0.0 0.0
3337         33.2 0.1 0.0
3338         33.2 0.0 0.0
3339         33.099999999999994 0.1 0.0
3340         33.1 0.0 0.0
3341         33.0 0.1 0.0
3342         33.0 0.0 0.0
3343         32.89999999999999 0.1 0.0
3344         32.9 0.0 0.0
3345         32.8 0.1 0.0
3346         32.800000000000004 0.0 0.0
3347         32.69999999999999 0.1 0.0
3348         32.7 0.0 0.0
3349         32.599999999999994 0.1 0.0
3350         32.6 0.0 0.0
3351         32.5 0.1 0.0
3352         32.5 0.0 0.0
3353         32.39999999999999 0.1 0.0
3354         32.4 0.0 0.0
3355         32.3 0.1 0.0
3356         32.300000000000004 0.0 0.0
3357         32.19999999999999 0.1 0.0
3358         32.2 0.0 0.0
3359         32.099999999999994 0.1 0.0
3360         32.1 0.0 0.0
3361         32.0 0.1 0.0
3362         32.0 0.0 0.0
3363         31.89999999999999 0.1 0.0
3364         31.900000000000002 0.0 0.0
3365         31.799999999999997 0.1 0.0
3366         31.8 0.0 0.0
3367         31.69999999999999 0.1 0.0
3368         31.7 0.0 0.0
3369         31.599999999999994 0.1 0.0
3370         31.6 0.0 0.0
3371         31.5 0.1 0.0
3372         31.5 0.0 0.0
3373         31.39999999999999 0.1 0.0
3374         31.4 0.0 0.0
3375         31.299999999999997 0.1 0.0
3376         31.3 0.0 0.0
3377         31.200000000000003 0.1 0.0
3378         31.2 0.0 0.0
3379         31.10000000000001 0.1 0.0
3380         31.1 0.0 0.0
3381         31.0 0.1 0.0
3382         31.0 0.0 0.0
3383         30.900000000000006 0.1 0.0
3384         30.9 0.0 0.0
3385         30.80000000000001 0.1 0.0
3386         30.8 0.0 0.0
3387         30.700000000000003 0.1 0.0
3388         30.7 0.0 0.0
3389         30.60000000000001 0.1 0.0
3390         30.599999999999998 0.0 0.0
3391         30.5 0.1 0.0
3392         30.5 0.0 0.0
3393         30.400000000000006 0.1 0.0
3394         30.4 0.0 0.0
3395         30.30000000000001 0.1 0.0
3396         30.3 0.0 0.0
3397         30.200000000000003 0.1 0.0
3398         30.2 0.0 0.0
3399         30.10000000000001 0.1 0.0
3400         30.099999999999998 0.0 0.0
3401         30.0 0.1 0.0
3402         30.0 0.0 0.0
3403         29.900000000000006 0.1 0.0
3404         29.9 0.0 0.0
3405         29.80000000000001 0.1 0.0
3406         29.799999999999997 0.0 0.0
3407         29.700000000000003 0.1 0.0
3408         29.7 0.0 0.0
3409         29.60000000000001 0.1 0.0
3410         29.599999999999998 0.0 0.0
3411         29.5 0.1 0.0
3412         29.5 0.0 0.0
3413         29.400000000000006 0.1 0.0
3414         29.4 0.0 0.0
3415         29.299999999999997 0.1 0.0
3416         29.299999999999997 0.0 0.0
3417         29.200000000000003 0.1 0.0
3418         29.2 0.0 0.0
3419         29.10000000000001 0.1 0.0
3420         29.099999999999998 0.0 0.0
3421         29.0 0.1 0.0
3422         28.999999999999996 0.0 0.0
3423         28.900000000000006 0.1 0.0
3424         28.9 0.0 0.0
3425         28.799999999999997 0.1 0.0
3426         28.799999999999997 0.0 0.0
3427         28.700000000000003 0.1 0.0
3428         28.7 0.0 0.0
3429         28.60000000000001 0.1 0.0
3430         28.599999999999998 0.0 0.0
3431         28.5 0.1 0.0
3432         28.499999999999996 0.0 0.0
3433         28.400000000000006 0.1 0.0
3434         28.4 0.0 0.0
3435         28.299999999999997 0.1 0.0
3436         28.299999999999997 0.0 0.0
3437         28.200000000000003 0.1 0.0
3438         28.199999999999996 0.0 0.0
3439         28.10000000000001 0.1 0.0
3440         28.1 0.0 0.0
3441         28.0 0.1 0.0
3442         28.000000000000004 0.0 0.0
3443         27.900000000000006 0.1 0.0
3444         27.900000000000002 0.0 0.0
3445         27.799999999999997 0.1 0.0
3446         27.800000000000004 0.0 0.0
3447         27.700000000000003 0.1 0.0
3448         27.700000000000003 0.0 0.0
3449         27.60000000000001 0.1 0.0
3450         27.6 0.0 0.0
3451         27.5 0.1 0.0
3452         27.500000000000004 0.0 0.0
3453         27.400000000000006 0.1 0.0
3454         27.400000000000002 0.0 0.0
3455         27.299999999999997 0.1 0.0
3456         27.3 0.0 0.0
3457         27.200000000000003 0.1 0.0
3458         27.200000000000003 0.0 0.0
3459         27.10000000000001 0.1 0.0
3460         27.1 0.0 0.0
3461         27.0 0.1 0.0
3462         27.0 0.0 0.0
3463         26.900000000000006 0.1 0.0
3464         26.900000000000002 0.0 0.0
3465         26.799999999999997 0.1 0.0
3466         26.8 0.0 0.0
3467         26.700000000000003 0.1 0.0
3468         26.700000000000003 0.0 0.0
3469         26.599999999999994 0.1 0.0
3470         26.6 0.0 0.0
3471         26.5 0.1 0.0
3472         26.5 0.0 0.0
3473         26.400000000000006 0.1 0.0
3474         26.400000000000002 0.0 0.0
3475         26.299999999999997 0.1 0.0
3476         26.3 0.0 0.0
3477         26.200000000000003 0.1 0.0
3478         26.200000000000003 0.0 0.0
3479         26.099999999999994 0.1 0.0
3480         26.1 0.0 0.0
3481         26.0 0.1 0.0
3482         26.0 0.0 0.0
3483         25.900000000000006 0.1 0.0
3484         25.900000000000002 0.0 0.0
3485         25.799999999999997 0.1 0.0
3486         25.8 0.0 0.0
3487         25.700000000000003 0.1 0.0
3488         25.7 0.0 0.0
3489         25.599999999999994 0.1 0.0
3490         25.6 0.0 0.0
3491         25.5 0.1 0.0
3492         25.5 0.0 0.0
3493         25.400000000000006 0.1 0.0
3494         25.4 0.0 0.0
3495         25.299999999999997 0.1 0.0
3496         25.3 0.0 0.0
3497         25.200000000000003 0.1 0.0
3498         25.2 0.0 0.0
3499         25.099999999999994 0.1 0.0
3500         25.1 0.0 0.0
3501         25.0 0.1 0.0
3502         25.0 0.0 0.0
3503         24.900000000000006 0.1 0.0
3504         24.9 0.0 0.0
3505         24.799999999999997 0.1 0.0
3506         24.8 0.0 0.0
3507         24.700000000000003 0.1 0.0
3508         24.7 0.0 0.0
3509         24.599999999999994 0.1 0.0
3510         24.6 0.0 0.0
3511         24.5 0.1 0.0
3512         24.5 0.0 0.0
3513         24.400000000000006 0.1 0.0
3514         24.4 0.0 0.0
3515         24.299999999999997 0.1 0.0
3516         24.3 0.0 0.0
3517         24.200000000000003 0.1 0.0
3518         24.2 0.0 0.0
3519         24.099999999999994 0.1 0.0
3520         24.099999999999998 0.0 0.0
3521         24.0 0.1 0.0
3522         24.0 0.0 0.0
3523         23.900000000000006 0.1 0.0
3524         23.9 0.0 0.0
3525         23.799999999999997 0.1 0.0
3526         23.799999999999997 0.0 0.0
3527         23.700000000000003 0.1 0.0
3528         23.7 0.0 0.0
3529         23.599999999999994 0.1 0.0
3530         23.599999999999998 0.0 0.0
3531         23.5 0.1 0.0
3532         23.5 0.0 0.0
3533         23.400000000000006 0.1 0.0
3534         23.400000000000002 0.0 0.0
3535         23.299999999999997 0.1 0.0
3536         23.3 0.0 0.0
3537         23.200000000000003 0.1 0.0
3538         23.200000000000003 0.0 0.0
3539         23.099999999999994 0.1 0.0
3540         23.1 0.0 0.0
3541         23.0 0.1 0.0
3542         23.0 0.0 0.0
3543         22.89999999999999 0.1 0.0
3544         22.900000000000002 0.0 0.0
3545         22.799999999999997 0.1 0.0
3546         22.8 0.0 0.0
3547         22.700000000000003 0.1 0.0
3548         22.7 0.0 0.0
3549         22.599999999999994 0.1 0.0
3550         22.6 0.0 0.0
3551         22.5 0.1 0.0
3552         22.5 0.0 0.0
3553         22.39999999999999 0.1 0.0
3554         22.400000000000002 0.0 0.0
3555         22.299999999999997 0.1 0.0
3556         22.3 0.0 0.0
3557         22.200000000000003 0.1 0.0
3558         22.2 0.0 0.0
3559         22.099999999999994 0.1 0.0
3560         22.1 0.0 0.0
3561         22.0 0.1 0.0
3562         22.0 0.0 0.0
3563         21.89999999999999 0.1 0.0
3564         21.9 0.0 0.0
3565         21.799999999999997 0.1 0.0
3566         21.8 0.0 0.0
3567         21.700000000000003 0.1 0.0
3568         21.7 0.0 0.0
3569         21.599999999999994 0.1 0.0
3570         21.6 0.0 0.0
3571         21.5 0.1 0.0
3572         21.5 0.0 0.0
3573         21.39999999999999 0.1 0.0
3574         21.4 0.0 0.0
3575         21.299999999999997 0.1 0.0
3576         21.3 0.0 0.0
3577         21.200000000000003 0.1 0.0
3578         21.2 0.0 0.0
3579         21.099999999999994 0.1 0.0
3580         21.099999999999998 0.0 0.0
3581         21.0 0.1 0.0
3582         21.0 0.0 0.0
3583         20.89999999999999 0.1 0.0
3584         20.9 0.0 0.0
3585         20.799999999999997 0.1 0.0
3586         20.8 0.0 0.0
3587         20.700000000000003 0.1 0.0
3588         20.7 0.0 0.0
3589         20.599999999999994 0.1 0.0
3590         20.599999999999998 0.0 0.0
3591         20.5 0.1 0.0
3592         20.5 0.0 0.0
3593         20.39999999999999 0.1 0.0
3594         20.4 0.0 0.0
3595         20.299999999999997 0.1 0.0
3596         20.3 0.0 0.0
3597         20.19999999999999 0.1 0.0
3598         20.200000000000003 0.0 0.0
3599         20.099999999999994 0.1 0.0
3600         20.1 0.0 0.0
3601         20.0 0.1 0.0
3602         20.0 0.0 0.0
3603         19.89999999999999 0.1 0.0
3604         19.900000000000002 0.0 0.0
3605         19.799999999999997 0.1 0.0
3606         19.8 0.0 0.0
3607         19.69999999999999 0.1 0.0
3608         19.7 0.0 0.0
3609         19.599999999999994 0.1 0.0
3610         19.6 0.0 0.0
3611         19.5 0.1 0.0
3612         19.5 0.0 0.0
3613         19.39999999999999 0.1 0.0
3614         19.400000000000002 0.0 0.0
3615         19.299999999999997 0.1 0.0
3616         19.3 0.0 0.0
3617         19.19999999999999 0.1 0.0
3618         19.2 0.0 0.0
3619         19.099999999999994 0.1 0.0
3620         19.1 0.0 0.0
3621         19.0 0.1 0.0
3622         19.0 0.0 0.0
3623         18.89999999999999 0.1 0.0
3624         18.9 0.0 0.0
3625         18.799999999999997 0.1 0.0
3626         18.8 0.0 0.0
3627         18.700000000000003 0.1 0.0
3628         18.7 0.0 0.0
3629         18.60000000000001 0.1 0.0
3630         18.6 0.0 0.0
3631         18.5 0.1 0.0
3632         18.5 0.0 0.0
3633         18.400000000000006 0.1 0.0
3634         18.4 0.0 0.0
3635         18.30000000000001 0.1 0.0
3636         18.3 0.0 0.0
3637         18.200000000000003 0.1 0.0
3638         18.2 0.0 0.0
3639         18.10000000000001 0.1 0.0
3640         18.099999999999998 0.0 0.0
3641         18.0 0.1 0.0
3642         18.0 0.0 0.0
3643         17.900000000000006 0.1 0.0
3644         17.9 0.0 0.0
3645         17.80000000000001 0.1 0.0
3646         17.8 0.0 0.0
3647         17.700000000000003 0.1 0.0
3648         17.7 0.0 0.0
3649         17.60000000000001 0.1 0.0
3650         17.599999999999998 0.0 0.0
3651         17.5 0.1 0.0
3652         17.5 0.0 0.0
3653         17.400000000000006 0.1 0.0
3654         17.4 0.0 0.0
3655         17.30000000000001 0.1 0.0
3656         17.299999999999997 0.0 0.0
3657         17.200000000000003 0.1 0.0
3658         17.2 0.0 0.0
3659         17.10000000000001 0.1 0.0
3660         17.1 0.0 0.0
3661         17.0 0.1 0.0
3662         17.0 0.0 0.0
3663         16.900000000000006 0.1 0.0
3664         16.900000000000002 0.0 0.0
3665         16.799999999999997 0.1 0.0
3666         16.8 0.0 0.0
3667         16.700000000000003 0.1 0.0
3668         16.7 0.0 0.0
3669         16.60000000000001 0.1 0.0
3670         16.6 0.0 0.0
3671         16.5 0.1 0.0
3672         16.5 0.0 0.0
3673         16.400000000000006 0.1 0.0
3674         16.400000000000002 0.0 0.0
3675         16.299999999999997 0.1 0.0
3676         16.3 0.0 0.0
3677         16.200000000000003 0.1 0.0
3678         16.2 0.0 0.0
3679         16.10000000000001 0.1 0.0
3680         16.1 0.0 0.0
3681         16.0 0.1 0.0
3682         16.0 0.0 0.0
3683         15.900000000000006 0.1 0.0
3684         15.9 0.0 0.0
3685         15.799999999999997 0.1 0.0
3686         15.8 0.0 0.0
3687         15.700000000000003 0.1 0.0
3688         15.7 0.0 0.0
3689         15.600000000000009 0.1 0.0
3690         15.6 0.0 0.0
3691         15.5 0.1 0.0
3692         15.5 0.0 0.0
3693         15.400000000000006 0.1 0.0
3694         15.4 0.0 0.0
3695         15.299999999999997 0.1 0.0
3696         15.299999999999999 0.0 0.0
3697         15.200000000000003 0.1 0.0
3698         15.2 0.0 0.0
3699         15.100000000000009 0.1 0.0
3700         15.1 0.0 0.0
3701         15.0 0.1 0.0
3702         15.0 0.0 0.0
3703         14.900000000000006 0.1 0.0
3704         14.899999999999999 0.0 0.0
3705         14.799999999999997 0.1 0.0
3706         14.799999999999999 0.0 0.0
3707         14.700000000000003 0.1 0.0
3708         14.7 0.0 0.0
3709         14.600000000000009 0.1 0.0
3710         14.6 0.0 0.0
3711         14.5 0.1 0.0
3712         14.499999999999998 0.0 0.0
3713         14.400000000000006 0.1 0.0
3714         14.399999999999999 0.0 0.0
3715         14.299999999999997 0.1 0.0
3716         14.299999999999999 0.0 0.0
3717         14.200000000000003 0.1 0.0
3718         14.2 0.0 0.0
3719         14.099999999999994 0.1 0.0
3720         14.099999999999998 0.0 0.0
3721         14.0 0.1 0.0
3722         14.000000000000002 0.0 0.0
3723         13.900000000000006 0.1 0.0
3724         13.900000000000002 0.0 0.0
3725         13.799999999999997 0.1 0.0
3726         13.8 0.0 0.0
3727         13.700000000000003 0.1 0.0
3728         13.700000000000001 0.0 0.0
3729         13.599999999999994 0.1 0.0
3730         13.600000000000001 0.0 0.0
3731         13.5 0.1 0.0
3732         13.5 0.0 0.0
3733         13.400000000000006 0.1 0.0
3734         13.4 0.0 0.0
3735         13.299999999999997 0.1 0.0
3736         13.3 0.0 0.0
3737         13.200000000000003 0.1 0.0
3738         13.200000000000001 0.0 0.0
3739         13.099999999999994 0.1 0.0
3740         13.100000000000001 0.0 0.0
3741         13.0 0.1 0.0
3742         13.0 0.0 0.0
3743         12.900000000000006 0.1 0.0
3744         12.9 0.0 0.0
3745         12.799999999999997 0.1 0.0
3746         12.8 0.0 0.0
3747         12.700000000000003 0.1 0.0
3748         12.7 0.0 0.0
3749         12.599999999999994 0.1 0.0
3750         12.6 0.0 0.0
3751         12.5 0.1 0.0
3752         12.5 0.0 0.0
3753         12.400000000000006 0.1 0.0
3754         12.4 0.0 0.0
3755         12.299999999999997 0.1 0.0
3756         12.3 0.0 0.0
3757         12.200000000000003 0.1 0.0
3758         12.2 0.0 0.0
3759         12.099999999999994 0.1 0.0
3760         12.1 0.0 0.0
3761         12.0 0.1 0.0
3762         12.0 0.0 0.0
3763         11.900000000000006 0.1 0.0
3764         11.899999999999999 0.0 0.0
3765         11.799999999999997 0.1 0.0
3766         11.799999999999999 0.0 0.0
3767         11.700000000000003 0.1 0.0
3768         11.700000000000001 0.0 0.0
3769         11.599999999999994 0.1 0.0
3770         11.600000000000001 0.0 0.0
3771         11.5 0.1 0.0
3772         11.5 0.0 0.0
3773         11.400000000000006 0.1 0.0
3774         11.4 0.0 0.0
3775         11.299999999999997 0.1 0.0
3776         11.3 0.0 0.0
3777         11.200000000000003 0.1 0.0
3778         11.200000000000001 0.0 0.0
3779         11.099999999999994 0.1 0.0
3780         11.1 0.0 0.0
3781         11.0 0.1 0.0
3782         11.0 0.0 0.0
3783         10.900000000000006 0.1 0.0
3784         10.9 0.0 0.0
3785         10.799999999999997 0.1 0.0
3786         10.8 0.0 0.0
3787         10.700000000000003 0.1 0.0
3788         10.7 0.0 0.0
3789         10.599999999999994 0.1 0.0
3790         10.6 0.0 0.0
3791         10.5 0.1 0.0
3792         10.5 0.0 0.0
3793         10.399999999999991 0.1 0.0
3794         10.4 0.0 0.0
3795         10.299999999999997 0.1 0.0
3796         10.299999999999999 0.0 0.0
3797         10.200000000000003 0.1 0.0
3798         10.2 0.0 0.0
3799         10.099999999999994 0.1 0.0
3800         10.100000000000001 0.0 0.0
3801         10.0 0.1 0.0
3802         10.0 0.0 0.0
3803         9.899999999999991 0.1 0.0
3804         9.9 0.0 0.0
3805         9.799999999999997 0.1 0.0
3806         9.8 0.0 0.0
3807         9.700000000000003 0.1 0.0
3808         9.700000000000001 0.0 0.0
3809         9.599999999999994 0.1 0.0
3810         9.6 0.0 0.0
3811         9.5 0.1 0.0
3812         9.5 0.0 0.0
3813         9.399999999999991 0.1 0.0
3814         9.4 0.0 0.0
3815         9.299999999999997 0.1 0.0
3816         9.3 0.0 0.0
3817         9.200000000000003 0.1 0.0
3818         9.2 0.0 0.0
3819         9.099999999999994 0.1 0.0
3820         9.1 0.0 0.0
3821         9.0 0.1 0.0
3822         9.0 0.0 0.0
3823         8.899999999999991 0.1 0.0
3824         8.9 0.0 0.0
3825         8.799999999999997 0.1 0.0
3826         8.799999999999999 0.0 0.0
3827         8.700000000000003 0.1 0.0
3828         8.7 0.0 0.0
3829         8.599999999999994 0.1 0.0
3830         8.6 0.0 0.0
3831         8.5 0.1 0.0
3832         8.5 0.0 0.0
3833         8.399999999999991 0.1 0.0
3834         8.4 0.0 0.0
3835         8.299999999999997 0.1 0.0
3836         8.3 0.0 0.0
3837         8.200000000000003 0.1 0.0
3838         8.200000000000001 0.0 0.0
3839         8.099999999999994 0.1 0.0
3840         8.1 0.0 0.0
3841         8.0 0.1 0.0
3842         8.0 0.0 0.0
3843         7.8999999999999915 0.1 0.0
3844         7.9 0.0 0.0
3845         7.799999999999997 0.1 0.0
3846         7.8 0.0 0.0
3847         7.699999999999989 0.1 0.0
3848         7.7 0.0 0.0
3849         7.599999999999994 0.1 0.0
3850         7.6 0.0 0.0
3851         7.5 0.1 0.0
3852         7.5 0.0 0.0
3853         7.3999999999999915 0.1 0.0
3854         7.3999999999999995 0.0 0.0
3855         7.299999999999997 0.1 0.0
3856         7.3 0.0 0.0
3857         7.199999999999989 0.1 0.0
3858         7.199999999999999 0.0 0.0
3859         7.099999999999994 0.1 0.0
3860         7.1 0.0 0.0
3861         7.0 0.1 0.0
3862         7.000000000000001 0.0 0.0
3863         6.8999999999999915 0.1 0.0
3864         6.9 0.0 0.0
3865         6.799999999999997 0.1 0.0
3866         6.800000000000001 0.0 0.0
3867         6.699999999999989 0.1 0.0
3868         6.7 0.0 0.0
3869         6.599999999999994 0.1 0.0
3870         6.6000000000000005 0.0 0.0
3871         6.5 0.1 0.0
3872         6.5 0.0 0.0
3873         6.3999999999999915 0.1 0.0
3874         6.4 0.0 0.0
3875         6.299999999999997 0.1 0.0
3876         6.3 0.0 0.0
3877         6.200000000000003 0.1 0.0
3878         6.2 0.0 0.0
3879         6.1000000000000085 0.1 0.0
3880         6.1 0.0 0.0
3881         6.0 0.1 0.0
3882         6.0 0.0 0.0
3883         5.900000000000006 0.1 0.0
3884         5.8999999999999995 0.0 0.0
3885         5.800000000000011 0.1 0.0
3886         5.800000000000001 0.0 0.0
3887         5.700000000000003 0.1 0.0
3888         5.7 0.0 0.0
3889         5.6000000000000085 0.1 0.0
3890         5.6000000000000005 0.0 0.0
3891         5.5 0.1 0.0
3892         5.5 0.0 0.0
3893         5.400000000000006 0.1 0.0
3894         5.4 0.0 0.0
3895         5.300000000000011 0.1 0.0
3896         5.3 0.0 0.0
3897         5.200000000000003 0.1 0.0
3898         5.2 0.0 0.0
3899         5.1000000000000085 0.1 0.0
3900         5.1 0.0 0.0
3901         5.0 0.1 0.0
3902         5.0 0.0 0.0
3903         4.900000000000006 0.1 0.0
3904         4.9 0.0 0.0
3905         4.800000000000011 0.1 0.0
3906         4.8 0.0 0.0
3907         4.700000000000003 0.1 0.0
3908         4.7 0.0 0.0
3909         4.6000000000000085 0.1 0.0
3910         4.6 0.0 0.0
3911         4.5 0.1 0.0
3912         4.5 0.0 0.0
3913         4.400000000000006 0.1 0.0
3914         4.3999999999999995 0.0 0.0
3915         4.299999999999997 0.1 0.0
3916         4.3 0.0 0.0
3917         4.200000000000003 0.1 0.0
3918         4.2 0.0 0.0
3919         4.1000000000000085 0.1 0.0
3920         4.1000000000000005 0.0 0.0
3921         4.0 0.1 0.0
3922         4.0 0.0 0.0
3923         3.9000000000000057 0.1 0.0
3924         3.9 0.0 0.0
3925         3.799999999999997 0.1 0.0
3926         3.8 0.0 0.0
3927         3.700000000000003 0.1 0.0
3928         3.6999999999999997 0.0 0.0
3929         3.6000000000000085 0.1 0.0
3930         3.5999999999999996 0.0 0.0
3931         3.5 0.1 0.0
3932         3.5000000000000004 0.0 0.0
3933         3.4000000000000057 0.1 0.0
3934         3.4000000000000004 0.0 0.0
3935         3.299999999999997 0.1 0.0
3936         3.3000000000000003 0.0 0.0
3937         3.200000000000003 0.1 0.0
3938         3.2 0.0 0.0
3939         3.1000000000000085 0.1 0.0
3940         3.1 0.0 0.0
3941         3.0 0.1 0.0
3942         3.0 0.0 0.0
3943         2.9000000000000057 0.1 0.0
3944         2.9000000000000004 0.0 0.0
3945         2.799999999999997 0.1 0.0
3946         2.8000000000000003 0.0 0.0
3947         2.700000000000003 0.1 0.0
3948         2.7 0.0 0.0
3949         2.6000000000000085 0.1 0.0
3950         2.6 0.0 0.0
3951         2.5 0.1 0.0
3952         2.5 0.0 0.0
3953         2.4000000000000057 0.1 0.0
3954         2.4 0.0 0.0
3955         2.299999999999997 0.1 0.0
3956         2.3 0.0 0.0
3957         2.200000000000003 0.1 0.0
3958         2.1999999999999997 0.0 0.0
3959         2.1000000000000085 0.1 0.0
3960         2.1 0.0 0.0
3961         2.0 0.1 0.0
3962         2.0 0.0 0.0
3963         1.9000000000000057 0.1 0.0
3964         1.9 0.0 0.0
3965         1.7999999999999972 0.1 0.0
3966         1.7999999999999998 0.0 0.0
3967         1.7000000000000028 0.1 0.0
3968         1.7000000000000002 0.0 0.0
3969         1.5999999999999943 0.1 0.0
3970         1.6 0.0 0.0
3971         1.5 0.1 0.0
3972         1.5 0.0 0.0
3973         1.4000000000000057 0.1 0.0
3974         1.4000000000000001 0.0 0.0
3975         1.2999999999999972 0.1 0.0
3976         1.3 0.0 0.0
3977         1.2000000000000028 0.1 0.0
3978         1.2 0.0 0.0
3979         1.0999999999999943 0.1 0.0
3980         1.0999999999999999 0.0 0.0
3981         1.0 0.1 0.0
3982         1.0 0.0 0.0
3983         0.9000000000000057 0.1 0.0
3984         0.8999999999999999 0.0 0.0
3985         0.7999999999999972 0.1 0.0
3986         0.8 0.0 0.0
3987         0.7000000000000028 0.1 0.0
3988         0.7000000000000001 0.0 0.0
3989         0.5999999999999943 0.1 0.0
3990         0.6 0.0 0.0
3991         0.5 0.1 0.0
3992         0.5 0.0 0.0
3993         0.4000000000000057 0.1 0.0
3994         0.4 0.0 0.0
3995         0.29999999999999716 0.1 0.0
3996         0.3 0.0 0.0
3997         0.20000000000000284 0.1 0.0
3998         0.2 0.0 0.0
3999         0.09999999999999432 0.1 0.0
4000         0.1 0.0 0.0
4001         0.0 0.1 0.0
4002         0.0 0.0 0.0
4003         -0.1 0.1 0.0
4004         -0.09999999999999432 0.0 0.0
4005         -0.2 0.1 0.0
4006         -0.20000000000000284 0.0 0.0
4007         -0.3 0.1 0.0
4008         -0.29999999999999716 0.0 0.0
4009         -0.4 0.1 0.0
4010         -0.4000000000000057 0.0 0.0
4011         -0.5 0.1 0.0
4012         -0.5 0.0 0.0
4013         -0.6 0.1 0.0
4014         -0.5999999999999943 0.0 0.0
4015         -0.7000000000000001 0.1 0.0
4016         -0.7000000000000028 0.0 0.0
4017         -0.8 0.1 0.0
4018         -0.7999999999999972 0.0 0.0
4019         -0.8999999999999999 0.1 0.0
4020         -0.9000000000000057 0.0 0.0
4021         -1.0 0.1 0.0
4022         -1.0 0.0 0.0
4023         -1.0999999999999999 0.1 0.0
4024         -1.0999999999999943 0.0 0.0
4025         -1.2 0.1 0.0
4026         -1.2000000000000028 0.0 0.0
4027         -1.3 0.1 0.0
4028         -1.2999999999999972 0.0 0.0
4029         -1.4000000000000001 0.1 0.0
4030         -1.4000000000000057 0.0 0.0
4031         -1.5 0.1 0.0
4032         -1.5 0.0 0.0
4033         -1.6 0.1 0.0
4034         -1.5999999999999943 0.0 0.0
4035         -1.7000000000000002 0.1 0.0
4036         -1.7000000000000028 0.0 0.0
4037         -1.7999999999999998 0.1 0.0
4038         -1.7999999999999972 0.0 0.0
4039         -1.9 0.1 0.0
4040         -1.9000000000000057 0.0 0.0
4041         -2.0 0.1 0.0
4042         -2.0 0.0 0.0
4043         -2.1 0.1 0.0
4044         -2.1000000000000085 0.0 0.0
4045         -2.1999999999999997 0.1 0.0
4046         -2.200000000000003 0.0 0.0
4047         -2.3 0.1 0.0
4048         -2.299999999999997 0.0 0.0
4049         -2.4 0.1 0.0
4050         -2.4000000000000057 0.0 0.0
4051         -2.5 0.1 0.0
4052         -2.5 0.0 0.0
4053         -2.6 0.1 0.0
4054         -2.6000000000000085 0.0 0.0
4055         -2.7 0.1 0.0
4056         -2.700000000000003 0.0 0.0
4057         -2.8000000000000003 0.1 0.0
4058         -2.799999999999997 0.0 0.0
4059         -2.9000000000000004 0.1 0.0
4060         -2.9000000000000057 0.0 0.0
4061         -3.0 0.1 0.0
4062         -3.0 0.0 0.0
4063         -3.1 0.1 0.0
4064         -3.1000000000000085 0.0 0.0
4065         -3.2 0.1 0.0
4066         -3.200000000000003 0.0 0.0
4067         -3.3000000000000003 0.1 0.0
4068         -3.299999999999997 0.0 0.0
4069         -3.4000000000000004 0.1 0.0
4070         -3.4000000000000057 0.0 0.0
4071         -3.5000000000000004 0.1 0.0
4072         -3.5 0.0 0.0
4073         -3.5999999999999996 0.1 0.0
4074         -3.6000000000000085 0.0 0.0
4075         -3.6999999999999997 0.1 0.0
4076         -3.700000000000003 0.0 0.0
4077         -3.8 0.1 0.0
4078         -3.799999999999997 0.0 0.0
4079         -3.9 0.1 0.0
4080         -3.9000000000000057 0.0 0.0
4081         -4.0 0.1 0.0
4082         -4.0 0.0 0.0
4083         -4.1000000000000005 0.1 0.0
4084         -4.1000000000000085 0.0 0.0
4085         -4.2 0.1 0.0
4086         -4.200000000000003 0.0 0.0
4087         -4.3 0.1 0.0
4088         -4.299999999999997 0.0 0.0
4089         -4.3999999999999995 0.1 0.0
4090         -4.400000000000006 0.0 0.0
4091         -4.5 0.1 0.0
4092         -4.5 0.0 0.0
4093         -4.6 0.1 0.0
4094         -4.6000000000000085 0.0 0.0
4095         -4.7 0.1 0.0
4096         -4.700000000000003 0.0 0.0
4097         -4.8 0.1 0.0
4098         -4.800000000000011 0.0 0.0
4099         -4.9 0.1 0.0
4100         -4.900000000000006 0.0 0.0
4101         -5.0 0.1 0.0
4102         -5.0 0.0 0.0
4103         -5.1 0.1 0.0
4104         -5.1000000000000085 0.0 0.0
4105         -5.2 0.1 0.0
4106         -5.200000000000003 0.0 0.0
4107         -5.3 0.1 0.0
4108         -5.300000000000011 0.0 0.0
4109         -5.4 0.1 0.0
4110         -5.400000000000006 0.0 0.0
4111         -5.5 0.1 0.0
4112         -5.5 0.0 0.0
4113         -5.6000000000000005 0.1 0.0
4114         -5.6000000000000085 0.0 0.0
4115         -5.7 0.1 0.0
4116         -5.700000000000003 0.0 0.0
4117         -5.800000000000001 0.1 0.0
4118         -5.800000000000011 0.0 0.0
4119         -5.8999999999999995 0.1 0.0
4120         -5.900000000000006 0.0 0.0
4121         -6.0 0.1 0.0
4122         -6.0 0.0 0.0
4123         -6.1 0.1 0.0
4124         -6.1000000000000085 0.0 0.0
4125         -6.2 0.1 0.0
4126         -6.200000000000003 0.0 0.0
4127         -6.3 0.1 0.0
4128         -6.299999999999997 0.0 0.0
4129         -6.4 0.1 0.0
4130         -6.3999999999999915 0.0 0.0
4131         -6.5 0.1 0.0
4132         -6.5 0.0 0.0
4133         -6.6000000000000005 0.1 0.0
4134         -6.599999999999994 0.0 0.0
4135         -6.7 0.1 0.0
4136         -6.699999999999989 0.0 0.0
4137         -6.800000000000001 0.1 0.0
4138         -6.799999999999997 0.0 0.0
4139         -6.9 0.1 0.0
4140         -6.8999999999999915 0.0 0.0
4141         -7.000000000000001 0.1 0.0
4142         -7.0 0.0 0.0
4143         -7.1 0.1 0.0
4144         -7.099999999999994 0.0 0.0
4145         -7.199999999999999 0.1 0.0
4146         -7.199999999999989 0.0 0.0
4147         -7.3 0.1 0.0
4148         -7.299999999999997 0.0 0.0
4149         -7.3999999999999995 0.1 0.0
4150         -7.3999999999999915 0.0 0.0
4151         -7.5 0.1 0.0
4152         -7.5 0.0 0.0
4153         -7.6 0.1 0.0
4154         -7.599999999999994 0.0 0.0
4155         -7.7 0.1 0.0
4156         -7.699999999999989 0.0 0.0
4157         -7.8 0.1 0.0
4158         -7.799999999999997 0.0 0.0
4159         -7.9 0.1 0.0
4160         -7.8999999999999915 0.0 0.0
4161         -8.0 0.1 0.0
4162         -8.0 0.0 0.0
4163         -8.1 0.1 0.0
4164         -8.099999999999994 0.0 0.0
4165         -8.200000000000001 0.1 0.0
4166         -8.200000000000003 0.0 0.0
4167         -8.3 0.1 0.0
4168         -8.299999999999997 0.0 0.0
4169         -8.4 0.1 0.0
4170         -8.399999999999991 0.0 0.0
4171         -8.5 0.1 0.0
4172         -8.5 0.0 0.0
4173         -8.6 0.1 0.0
4174         -8.599999999999994 0.0 0.0
4175         -8.7 0.1 0.0
4176         -8.700000000000003 0.0 0.0
4177         -8.799999999999999 0.1 0.0
4178         -8.799999999999997 0.0 0.0
4179         -8.9 0.1 0.0
4180         -8.899999999999991 0.0 0.0
4181         -9.0 0.1 0.0
4182         -9.0 0.0 0.0
4183         -9.1 0.1 0.0
4184         -9.099999999999994 0.0 0.0
4185         -9.2 0.1 0.0
4186         -9.200000000000003 0.0 0.0
4187         -9.3 0.1 0.0
4188         -9.299999999999997 0.0 0.0
4189         -9.4 0.1 0.0
4190         -9.399999999999991 0.0 0.0
4191         -9.5 0.1 0.0
4192         -9.5 0.0 0.0
4193         -9.6 0.1 0.0
4194         -9.599999999999994 0.0 0.0
4195         -9.700000000000001 0.1 0.0
4196         -9.700000000000003 0.0 0.0
4197         -9.8 0.1 0.0
4198         -9.799999999999997 0.0 0.0
4199         -9.9 0.1 0.0
4200         -9.899999999999991 0.0 0.0
4201         -10.0 0.1 0.0
4202         -10.0 0.0 0.0
4203         -10.100000000000001 0.1 0.0
4204         -10.099999999999994 0.0 0.0
4205         -10.2 0.1 0.0
4206         -10.200000000000003 0.0 0.0
4207         -10.299999999999999 0.1 0.0
4208         -10.299999999999997 0.0 0.0
4209         -10.4 0.1 0.0
4210         -10.399999999999991 0.0 0.0
4211         -10.5 0.1 0.0
4212         -10.5 0.0 0.0
4213         -10.6 0.1 0.0
4214         -10.599999999999994 0.0 0.0
4215         -10.7 0.1 0.0
4216         -10.700000000000003 0.0 0.0
4217         -10.8 0.1 0.0
4218         -10.799999999999997 0.0 0.0
4219         -10.9 0.1 0.0
4220         -10.900000000000006 0.0 0.0
4221         -11.0 0.1 0.0
4222         -11.0 0.0 0.0
4223         -11.1 0.1 0.0
4224         -11.099999999999994 0.0 0.0
4225         -11.200000000000001 0.1 0.0
4226         -11.200000000000003 0.0 0.0
4227         -11.3 0.1 0.0
4228         -11.299999999999997 0.0 0.0
4229         -11.4 0.1 0.0
4230         -11.400000000000006 0.0 0.0
4231         -11.5 0.1 0.0
4232         -11.5 0.0 0.0
4233         -11.600000000000001 0.1 0.0
4234         -11.599999999999994 0.0 0.0
4235         -11.700000000000001 0.1 0.0
4236         -11.700000000000003 0.0 0.0
4237         -11.799999999999999 0.1 0.0
4238         -11.799999999999997 0.0 0.0
4239         -11.899999999999999 0.1 0.0
4240         -11.900000000000006 0.0 0.0
4241         -12.0 0.1 0.0
4242         -12.0 0.0 0.0
4243         -12.1 0.1 0.0
4244         -12.099999999999994 0.0 0.0
4245         -12.2 0.1 0.0
4246         -12.200000000000003 0.0 0.0
4247         -12.3 0.1 0.0
4248         -12.299999999999997 0.0 0.0
4249         -12.4 0.1 0.0
4250         -12.400000000000006 0.0 0.0
4251         -12.5 0.1 0.0
4252         -12.5 0.0 0.0
4253         -12.6 0.1 0.0
4254         -12.599999999999994 0.0 0.0
4255         -12.7 0.1 0.0
4256         -12.700000000000003 0.0 0.0
4257         -12.8 0.1 0.0
4258         -12.799999999999997 0.0 0.0
4259         -12.9 0.1 0.0
4260         -12.900000000000006 0.0 0.0
4261         -13.0 0.1 0.0
4262         -13.0 0.0 0.0
4263         -13.100000000000001 0.1 0.0
4264         -13.099999999999994 0.0 0.0
4265         -13.200000000000001 0.1 0.0
4266         -13.200000000000003 0.0 0.0
4267         -13.3 0.1 0.0
4268         -13.299999999999997 0.0 0.0
4269         -13.4 0.1 0.0
4270         -13.400000000000006 0.0 0.0
4271         -13.5 0.1 0.0
4272         -13.5 0.0 0.0
4273         -13.600000000000001 0.1 0.0
4274         -13.599999999999994 0.0 0.0
4275         -13.700000000000001 0.1 0.0
4276         -13.700000000000003 0.0 0.0
4277         -13.8 0.1 0.0
4278         -13.799999999999997 0.0 0.0
4279         -13.900000000000002 0.1 0.0
4280         -13.900000000000006 0.0 0.0
4281         -14.000000000000002 0.1 0.0
4282         -14.0 0.0 0.0
4283         -14.099999999999998 0.1 0.0
4284         -14.099999999999994 0.0 0.0
4285         -14.2 0.1 0.0
4286         -14.200000000000003 0.0 0.0
4287         -14.299999999999999 0.1 0.0
4288         -14.299999999999997 0.0 0.0
4289         -14.399999999999999 0.1 0.0
4290         -14.400000000000006 0.0 0.0
4291         -14.499999999999998 0.1 0.0
4292         -14.5 0.0 0.0
4293         -14.6 0.1 0.0
4294         -14.600000000000009 0.0 0.0
4295         -14.7 0.1 0.0
4296         -14.700000000000003 0.0 0.0
4297         -14.799999999999999 0.1 0.0
4298         -14.799999999999997 0.0 0.0
4299         -14.899999999999999 0.1 0.0
4300         -14.900000000000006 0.0 0.0
4301         -15.0 0.1 0.0
4302         -15.0 0.0 0.0
4303         -15.1 0.1 0.0
4304         -15.100000000000009 0.0 0.0
4305         -15.2 0.1 0.0
4306         -15.200000000000003 0.0 0.0
4307         -15.299999999999999 0.1 0.0
4308         -15.299999999999997 0.0 0.0
4309         -15.4 0.1 0.0
4310         -15.400000000000006 0.0 0.0
4311         -15.5 0.1 0.0
4312         -15.5 0.0 0.0
4313         -15.6 0.1 0.0
4314         -15.600000000000009 0.0 0.0
4315         -15.7 0.1 0.0
4316         -15.700000000000003 0.0 0.0
4317         -15.8 0.1 0.0
4318         -15.799999999999997 0.0 0.0
4319         -15.9 0.1 0.0
4320         -15.900000000000006 0.0 0.0
4321         -16.0 0.1 0.0
4322         -16.0 0.0 0.0
4323         -16.1 0.1 0.0
4324         -16.10000000000001 0.0 0.0
4325         -16.2 0.1 0.0
4326         -16.200000000000003 0.0 0.0
4327         -16.3 0.1 0.0
4328         -16.299999999999997 0.0 0.0
4329         -16.400000000000002 0.1 0.0
4330         -16.400000000000006 0.0 0.0
4331         -16.5 0.1 0.0
4332         -16.5 0.0 0.0
4333         -16.6 0.1 0.0
4334         -16.60000000000001 0.0 0.0
4335         -16.7 0.1 0.0
4336         -16.700000000000003 0.0 0.0
4337         -16.8 0.1 0.0
4338         -16.799999999999997 0.0 0.0
4339         -16.900000000000002 0.1 0.0
4340         -16.900000000000006 0.0 0.0
4341         -17.0 0.1 0.0
4342         -17.0 0.0 0.0
4343         -17.1 0.1 0.0
4344         -17.10000000000001 0.0 0.0
4345         -17.2 0.1 0.0
4346         -17.200000000000003 0.0 0.0
4347         -17.299999999999997 0.1 0.0
4348         -17.30000000000001 0.0 0.0
4349         -17.4 0.1 0.0
4350         -17.400000000000006 0.0 0.0
4351         -17.5 0.1 0.0
4352         -17.5 0.0 0.0
4353         -17.599999999999998 0.1 0.0
4354         -17.60000000000001 0.0 0.0
4355         -17.7 0.1 0.0
4356         -17.700000000000003 0.0 0.0
4357         -17.8 0.1 0.0
4358         -17.80000000000001 0.0 0.0
4359         -17.9 0.1 0.0
4360         -17.900000000000006 0.0 0.0
4361         -18.0 0.1 0.0
4362         -18.0 0.0 0.0
4363         -18.099999999999998 0.1 0.0
4364         -18.10000000000001 0.0 0.0
4365         -18.2 0.1 0.0
4366         -18.200000000000003 0.0 0.0
4367         -18.3 0.1 0.0
4368         -18.30000000000001 0.0 0.0
4369         -18.4 0.1 0.0
4370         -18.400000000000006 0.0 0.0
4371         -18.5 0.1 0.0
4372         -18.5 0.0 0.0
4373         -18.6 0.1 0.0
4374         -18.60000000000001 0.0 0.0
4375         -18.7 0.1 0.0
4376         -18.700000000000003 0.0 0.0
4377         -18.8 0.1 0.0
4378         -18.799999999999997 0.0 0.0
4379         -18.9 0.1 0.0
4380         -18.89999999999999 0.0 0.0
4381         -19.0 0.1 0.0
4382         -19.0 0.0 0.0
4383         -19.1 0.1 0.0
4384         -19.099999999999994 0.0 0.0
4385         -19.2 0.1 0.0
4386         -19.19999999999999 0.0 0.0
4387         -19.3 0.1 0.0
4388         -19.299999999999997 0.0 0.0
4389         -19.400000000000002 0.1 0.0
4390         -19.39999999999999 0.0 0.0
4391         -19.5 0.1 0.0
4392         -19.5 0.0 0.0
4393         -19.6 0.1 0.0
4394         -19.599999999999994 0.0 0.0
4395         -19.7 0.1 0.0
4396         -19.69999999999999 0.0 0.0
4397         -19.8 0.1 0.0
4398         -19.799999999999997 0.0 0.0
4399         -19.900000000000002 0.1 0.0
4400         -19.89999999999999 0.0 0.0
4401         -20.0 0.1 0.0
4402         -20.0 0.0 0.0
4403         -20.1 0.1 0.0
4404         -20.099999999999994 0.0 0.0
4405         -20.200000000000003 0.1 0.0
4406         -20.19999999999999 0.0 0.0
4407         -20.3 0.1 0.0
4408         -20.299999999999997 0.0 0.0
4409         -20.4 0.1 0.0
4410         -20.39999999999999 0.0 0.0
4411         -20.5 0.1 0.0
4412         -20.5 0.0 0.0
4413         -20.599999999999998 0.1 0.0
4414         -20.599999999999994 0.0 0.0
4415         -20.7 0.1 0.0
4416         -20.700000000000003 0.0 0.0
4417         -20.8 0.1 0.0
4418         -20.799999999999997 0.0 0.0
4419         -20.9 0.1 0.0
4420         -20.89999999999999 0.0 0.0
4421         -21.0 0.1 0.0
4422         -21.0 0.0 0.0
4423         -21.099999999999998 0.1 0.0
4424         -21.099999999999994 0.0 0.0
4425         -21.2 0.1 0.0
4426         -21.200000000000003 0.0 0.0
4427         -21.3 0.1 0.0
4428         -21.299999999999997 0.0 0.0
4429         -21.4 0.1 0.0
4430         -21.39999999999999 0.0 0.0
4431         -21.5 0.1 0.0
4432         -21.5 0.0 0.0
4433         -21.6 0.1 0.0
4434         -21.599999999999994 0.0 0.0
4435         -21.7 0.1 0.0
4436         -21.700000000000003 0.0 0.0
4437         -21.8 0.1 0.0
4438         -21.799999999999997 0.0 0.0
4439         -21.9 0.1 0.0
4440         -21.89999999999999 0.0 0.0
4441         -22.0 0.1 0.0
4442         -22.0 0.0 0.0
4443         -22.1 0.1 0.0
4444         -22.099999999999994 0.0 0.0
4445         -22.2 0.1 0.0
4446         -22.200000000000003 0.0 0.0
4447         -22.3 0.1 0.0
4448         -22.299999999999997 0.0 0.0
4449         -22.400000000000002 0.1 0.0
4450         -22.39999999999999 0.0 0.0
4451         -22.5 0.1 0.0
4452         -22.5 0.0 0.0
4453         -22.6 0.1 0.0
4454         -22.599999999999994 0.0 0.0
4455         -22.7 0.1 0.0
4456         -22.700000000000003 0.0 0.0
4457         -22.8 0.1 0.0
4458         -22.799999999999997 0.0 0.0
4459         -22.900000000000002 0.1 0.0
4460         -22.89999999999999 0.0 0.0
4461         -23.0 0.1 0.0
4462         -23.0 0.0 0.0
4463         -23.1 0.1 0.0
4464         -23.099999999999994 0.0 0.0
4465         -23.200000000000003 0.1 0.0
4466         -23.200000000000003 0.0 0.0
4467         -23.3 0.1 0.0
4468         -23.299999999999997 0.0 0.0
4469         -23.400000000000002 0.1 0.0
4470         -23.400000000000006 0.0 0.0
4471         -23.5 0.1 0.0
4472         -23.5 0.0 0.0
4473         -23.599999999999998 0.1 0.0
4474         -23.599999999999994 0.0 0.0
4475         -23.7 0.1 0.0
4476         -23.700000000000003 0.0 0.0
4477         -23.799999999999997 0.1 0.0
4478         -23.799999999999997 0.0 0.0
4479         -23.9 0.1 0.0
4480         -23.900000000000006 0.0 0.0
4481         -24.0 0.1 0.0
4482         -24.0 0.0 0.0
4483         -24.099999999999998 0.1 0.0
4484         -24.099999999999994 0.0 0.0
4485         -24.2 0.1 0.0
4486         -24.200000000000003 0.0 0.0
4487         -24.3 0.1 0.0
4488         -24.299999999999997 0.0 0.0
4489         -24.4 0.1 0.0
4490         -24.400000000000006 0.0 0.0
4491         -24.5 0.1 0.0
4492         -24.5 0.0 0.0
4493         -24.6 0.1 0.0
4494         -24.599999999999994 0.0 0.0
4495         -24.7 0.1 0.0
4496         -24.700000000000003 0.0 0.0
4497         -24.8 0.1 0.0
4498         -24.799999999999997 0.0 0.0
4499         -24.9 0.1 0.0
4500         -24.900000000000006 0.0 0.0
4501         -25.0 0.1 0.0
4502         -25.0 0.0 0.0
4503         -25.1 0.1 0.0
4504         -25.099999999999994 0.0 0.0
4505         -25.2 0.1 0.0
4506         -25.200000000000003 0.0 0.0
4507         -25.3 0.1 0.0
4508         -25.299999999999997 0.0 0.0
4509         -25.4 0.1 0.0
4510         -25.400000000000006 0.0 0.0
4511         -25.5 0.1 0.0
4512         -25.5 0.0 0.0
4513         -25.6 0.1 0.0
4514         -25.599999999999994 0.0 0.0
4515         -25.7 0.1 0.0
4516         -25.700000000000003 0.0 0.0
4517         -25.8 0.1 0.0
4518         -25.799999999999997 0.0 0.0
4519         -25.900000000000002 0.1 0.0
4520         -25.900000000000006 0.0 0.0
4521         -26.0 0.1 0.0
4522         -26.0 0.0 0.0
4523         -26.1 0.1 0.0
4524         -26.099999999999994 0.0 0.0
4525         -26.200000000000003 0.1 0.0
4526         -26.200000000000003 0.0 0.0
4527         -26.3 0.1 0.0
4528         -26.299999999999997 0.0 0.0
4529         -26.400000000000002 0.1 0.0
4530         -26.400000000000006 0.0 0.0
4531         -26.5 0.1 0.0
4532         -26.5 0.0 0.0
4533         -26.6 0.1 0.0
4534         -26.599999999999994 0.0 0.0
4535         -26.700000000000003 0.1 0.0
4536         -26.700000000000003 0.0 0.0
4537         -26.8 0.1 0.0
4538         -26.799999999999997 0.0 0.0
4539         -26.900000000000002 0.1 0.0
4540         -26.900000000000006 0.0 0.0
4541         -27.0 0.1 0.0
4542         -27.0 0.0 0.0
4543         -27.1 0.1 0.0
4544         -27.10000000000001 0.0 0.0
4545         -27.200000000000003 0.1 0.0
4546         -27.200000000000003 0.0 0.0
4547         -27.3 0.1 0.0
4548         -27.299999999999997 0.0 0.0
4549         -27.400000000000002 0.1 0.0
4550         -27.400000000000006 0.0 0.0
4551         -27.500000000000004 0.1 0.0
4552         -27.5 0.0 0.0
4553         -27.6 0.1 0.0
4554         -27.60000000000001 0.0 0.0
4555         -27.700000000000003 0.1 0.0
4556         -27.700000000000003 0.0 0.0
4557         -27.800000000000004 0.1 0.0
4558         -27.799999999999997 0.0 0.0
4559         -27.900000000000002 0.1 0.0
4560         -27.900000000000006 0.0 0.0
4561         -28.000000000000004 0.1 0.0
4562         -28.0 0.0 0.0
4563         -28.1 0.1 0.0
4564         -28.10000000000001 0.0 0.0
4565         -28.199999999999996 0.1 0.0
4566         -28.200000000000003 0.0 0.0
4567         -28.299999999999997 0.1 0.0
4568         -28.299999999999997 0.0 0.0
4569         -28.4 0.1 0.0
4570         -28.400000000000006 0.0 0.0
4571         -28.499999999999996 0.1 0.0
4572         -28.5 0.0 0.0
4573         -28.599999999999998 0.1 0.0
4574         -28.60000000000001 0.0 0.0
4575         -28.7 0.1 0.0
4576         -28.700000000000003 0.0 0.0
4577         -28.799999999999997 0.1 0.0
4578         -28.799999999999997 0.0 0.0
4579         -28.9 0.1 0.0
4580         -28.900000000000006 0.0 0.0
4581         -28.999999999999996 0.1 0.0
4582         -29.0 0.0 0.0
4583         -29.099999999999998 0.1 0.0
4584         -29.10000000000001 0.0 0.0
4585         -29.2 0.1 0.0
4586         -29.200000000000003 0.0 0.0
4587         -29.299999999999997 0.1 0.0
4588         -29.299999999999997 0.0 0.0
4589         -29.4 0.1 0.0
4590         -29.400000000000006 0.0 0.0
4591         -29.5 0.1 0.0
4592         -29.5 0.0 0.0
4593         -29.599999999999998 0.1 0.0
4594         -29.60000000000001 0.0 0.0
4595         -29.7 0.1 0.0
4596         -29.700000000000003 0.0 0.0
4597         -29.799999999999997 0.1 0.0
4598         -29.80000000000001 0.0 0.0
4599         -29.9 0.1 0.0
4600         -29.900000000000006 0.0 0.0
4601         -30.0 0.1 0.0
4602         -30.0 0.0 0.0
4603         -30.099999999999998 0.1 0.0
4604         -30.10000000000001 0.0 0.0
4605         -30.2 0.1 0.0
4606         -30.200000000000003 0.0 0.0
4607         -30.3 0.1 0.0
4608         -30.30000000000001 0.0 0.0
4609         -30.4 0.1 0.0
4610         -30.400000000000006 0.0 0.0
4611         -30.5 0.1 0.0
4612         -30.5 0.0 0.0
4613         -30.599999999999998 0.1 0.0
4614         -30.60000000000001 0.0 0.0
4615         -30.7 0.1 0.0
4616         -30.700000000000003 0.0 0.0
4617         -30.8 0.1 0.0
4618         -30.80000000000001 0.0 0.0
4619         -30.9 0.1 0.0
4620         -30.900000000000006 0.0 0.0
4621         -31.0 0.1 0.0
4622         -31.0 0.0 0.0
4623         -31.1 0.1 0.0
4624         -31.10000000000001 0.0 0.0
4625         -31.2 0.1 0.0
4626         -31.200000000000003 0.0 0.0
4627         -31.3 0.1 0.0
4628         -31.299999999999997 0.0 0.0
4629         -31.4 0.1 0.0
4630         -31.39999999999999 0.0 0.0
4631         -31.5 0.1 0.0
4632         -31.5 0.0 0.0
4633         -31.6 0.1 0.0
4634         -31.599999999999994 0.0 0.0
4635         -31.7 0.1 0.0
4636         -31.69999999999999 0.0 0.0
4637         -31.8 0.1 0.0
4638         -31.799999999999997 0.0 0.0
4639         -31.900000000000002 0.1 0.0
4640         -31.89999999999999 0.0 0.0
4641         -32.0 0.1 0.0
4642         -32.0 0.0 0.0
4643         -32.1 0.1 0.0
4644         -32.099999999999994 0.0 0.0
4645         -32.2 0.1 0.0
4646         -32.19999999999999 0.0 0.0
4647         -32.300000000000004 0.1 0.0
4648         -32.3 0.0 0.0
4649         -32.4 0.1 0.0
4650         -32.39999999999999 0.0 0.0
4651         -32.5 0.1 0.0
4652         -32.5 0.0 0.0
4653         -32.6 0.1 0.0
4654         -32.599999999999994 0.0 0.0
4655         -32.7 0.1 0.0
4656         -32.69999999999999 0.0 0.0
4657         -32.800000000000004 0.1 0.0
4658         -32.8 0.0 0.0
4659         -32.9 0.1 0.0
4660         -32.89999999999999 0.0 0.0
4661         -33.0 0.1 0.0
4662         -33.0 0.0 0.0
4663         -33.1 0.1 0.0
4664         -33.099999999999994 0.0 0.0
4665         -33.2 0.1 0.0
4666         -33.2 0.0 0.0
4667         -33.300000000000004 0.1 0.0
4668         -33.3 0.0 0.0
4669         -33.4 0.1 0.0
4670         -33.39999999999999 0.0 0.0
4671         -33.5 0.1 0.0
4672         -33.5 0.0 0.0
4673         -33.6 0.1 0.0
4674         -33.599999999999994 0.0 0.0
4675         -33.7 0.1 0.0
4676         -33.7 0.0 0.0
4677         -33.800000000000004 0.1 0.0
4678         -33.8 0.0 0.0
4679         -33.900000000000006 0.1 0.0
4680         -33.89999999999999 0.0 0.0
4681         -34.0 0.1 0.0
4682         -34.0 0.0 0.0
4683         -34.1 0.1 0.0
4684         -34.099999999999994 0.0 0.0
4685         -34.2 0.1 0.0
4686         -34.2 0.0 0.0
4687         -34.300000000000004 0.1 0.0
4688         -34.3 0.0 0.0
4689         -34.4 0.1 0.0
4690         -34.39999999999999 0.0 0.0
4691         -34.5 0.1 0.0
4692         -34.5 0.0 0.0
4693         -34.599999999999994 0.1 0.0
4694         -34.599999999999994 0.0 0.0
4695         -34.699999999999996 0.1 0.0
4696         -34.7 0.0 0.0
4697         -34.8 0.1 0.0
4698         -34.8 0.0 0.0
4699         -34.9 0.1 0.0
4700         -34.89999999999999 0.0 0.0
4701         -35.0 0.1 0.0
4702         -35.0 0.0 0.0
4703         -35.099999999999994 0.1 0.0
4704         -35.099999999999994 0.0 0.0
4705         -35.199999999999996 0.1 0.0
4706         -35.2 0.0 0.0
4707         -35.3 0.1 0.0
4708         -35.3 0.0 0.0
4709         -35.4 0.1 0.0
4710         -35.39999999999999 0.0 0.0
4711         -35.5 0.1 0.0
4712         -35.5 0.0 0.0
4713         -35.6 0.1 0.0
4714         -35.599999999999994 0.0 0.0
4715         -35.699999999999996 0.1 0.0
4716         -35.7 0.0 0.0
4717         -35.8 0.1 0.0
4718         -35.8 0.0 0.0
4719         -35.9 0.1 0.0
4720         -35.900000000000006 0.0 0.0
4721         -36.0 0.1 0.0
4722         -36.0 0.0 0.0
4723         -36.1 0.1 0.0
4724         -36.1 0.0 0.0
4725         -36.199999999999996 0.1 0.0
4726         -36.199999999999996 0.0 0.0
4727         -36.3 0.1 0.0
4728         -36.3 0.0 0.0
4729         -36.4 0.1 0.0
4730         -36.4 0.0 0.0
4731         -36.5 0.1 0.0
4732         -36.5 0.0 0.0
4733         -36.6 0.1 0.0
4734         -36.6 0.0 0.0
4735         -36.7 0.1 0.0
4736         -36.7 0.0 0.0
4737         -36.8 0.1 0.0
4738         -36.8 0.0 0.0
4739         -36.9 0.1 0.0
4740         -36.9 0.0 0.0
4741         -37.0 0.1 0.0
4742         -37.0 0.0 0.0
4743         -37.1 0.1 0.0
4744         -37.1 0.0 0.0
4745         -37.2 0.1 0.0
4746         -37.2 0.0 0.0
4747         -37.3 0.1 0.0
4748         -37.3 0.0 0.0
4749         -37.4 0.1 0.0
4750         -37.4 0.0 0.0
4751         -37.5 0.1 0.0
4752         -37.5 0.0 0.0
4753         -37.6 0.1 0.0
4754         -37.6 0.0 0.0
4755         -37.7 0.1 0.0
4756         -37.7 0.0 0.0
4757         -37.8 0.1 0.0
4758         -37.8 0.0 0.0
4759         -37.9 0.1 0.0
4760         -37.9 0.0 0.0
4761         -38.0 0.1 0.0
4762         -38.0 0.0 0.0
4763         -38.1 0.1 0.0
4764         -38.1 0.0 0.0
4765         -38.2 0.1 0.0
4766         -38.2 0.0 0.0
4767         -38.3 0.1 0.0
4768         -38.3 0.0 0.0
4769         -38.4 0.1 0.0
4770         -38.4 0.0 0.0
4771         -38.5 0.1 0.0
4772         -38.5 0.0 0.0
4773         -38.6 0.1 0.0
4774         -38.6 0.0 0.0
4775         -38.7 0.1 0.0
4776         -38.7 0.0 0.0
4777         -38.800000000000004 0.1 0.0
4778         -38.800000000000004 0.0 0.0
4779         -38.9 0.1 0.0
4780         -38.9 0.0 0.0
4781         -39.0 0.1 0.0
4782         -39.0 0.0 0.0
4783         -39.1 0.1 0.0
4784         -39.1 0.0 0.0
4785         -39.2 0.1 0.0
4786         -39.2 0.0 0.0
4787         -39.300000000000004 0.1 0.0
4788         -39.300000000000004 0.0 0.0
4789         -39.4 0.1 0.0
4790         -39.4 0.0 0.0
4791         -39.5 0.1 0.0
4792         -39.5 0.0 0.0
4793         -39.6 0.1 0.0
4794         -39.6 0.0 0.0
4795         -39.7 0.1 0.0
4796         -39.7 0.0 0.0
4797         -39.800000000000004 0.1 0.0
4798         -39.800000000000004 0.0 0.0
4799         -39.900000000000006 0.1 0.0
4800         -39.900000000000006 0.0 0.0
4801         -40.0 0.1 0.0
4802         -40.0 0.0 0.0
4803         -40.1 0.1 0.0
4804         -40.1 0.0 0.0
4805         -40.2 0.1 0.0
4806         -40.2 0.0 0.0
4807         -40.300000000000004 0.1 0.0
4808         -40.300000000000004 0.0 0.0
4809         -40.400000000000006 0.1 0.0
4810         -40.400000000000006 0.0 0.0
4811         -40.5 0.1 0.0
4812         -40.5 0.0 0.0
4813         -40.6 0.1 0.0
4814         -40.6 0.0 0.0
4815         -40.699999999999996 0.1 0.0
4816         -40.7 0.0 0.0
4817         -40.8 0.1 0.0
4818         -40.800000000000004 0.0 0.0
4819         -40.9 0.1 0.0
4820         -40.900000000000006 0.0 0.0
4821         -41.0 0.1 0.0
4822         -41.0 0.0 0.0
4823         -41.099999999999994 0.1 0.0
4824         -41.1 0.0 0.0
4825         -41.199999999999996 0.1 0.0
4826         -41.2 0.0 0.0
4827         -41.3 0.1 0.0
4828         -41.300000000000004 0.0 0.0
4829         -41.4 0.1 0.0
4830         -41.400000000000006 0.0 0.0
4831         -41.5 0.1 0.0
4832         -41.5 0.0 0.0
4833         -41.6 0.1 0.0
4834         -41.6 0.0 0.0
4835         -41.699999999999996 0.1 0.0
4836         -41.7 0.0 0.0
4837         -41.8 0.1 0.0
4838         -41.800000000000004 0.0 0.0
4839         -41.9 0.1 0.0
4840         -41.900000000000006 0.0 0.0
4841         -42.0 0.1 0.0
4842         -42.00000000000001 0.0 0.0
4843         -42.1 0.1 0.0
4844         -42.1 0.0 0.0
4845         -42.199999999999996 0.1 0.0
4846         -42.2 0.0 0.0
4847         -42.3 0.1 0.0
4848         -42.300000000000004 0.0 0.0
4849         -42.4 0.1 0.0
4850         -42.400000000000006 0.0 0.0
4851         -42.5 0.1 0.0
4852         -42.50000000000001 0.0 0.0
4853         -42.6 0.1 0.0
4854         -42.6 0.0 0.0
4855         -42.699999999999996 0.1 0.0
4856         -42.7 0.0 0.0
4857         -42.8 0.1 0.0
4858         -42.800000000000004 0.0 0.0
4859         -42.9 0.1 0.0
4860         -42.900000000000006 0.0 0.0
4861         -43.0 0.1 0.0
4862         -43.00000000000001 0.0 0.0
4863         -43.1 0.1 0.0
4864         -43.10000000000001 0.0 0.0
4865         -43.2 0.1 0.0
4866         -43.2 0.0 0.0
4867         -43.3 0.1 0.0
4868         -43.300000000000004 0.0 0.0
4869         -43.4 0.1 0.0
4870         -43.400000000000006 0.0 0.0
4871         -43.5 0.1 0.0
4872         -43.50000000000001 0.0 0.0
4873         -43.6 0.1 0.0
4874         -43.60000000000001 0.0 0.0
4875         -43.7 0.1 0.0
4876         -43.7 0.0 0.0
4877         -43.8 0.1 0.0
4878         -43.8 0.0 0.0
4879         -43.9 0.1 0.0
4880         -43.89999999999999 0.0 0.0
4881         -44.0 0.1 0.0
4882         -43.99999999999999 0.0 0.0
4883         -44.1 0.1 0.0
4884         -44.099999999999994 0.0 0.0
4885         -44.2 0.1 0.0
4886         -44.199999999999996 0.0 0.0
4887         -44.3 0.1 0.0
4888         -44.3 0.0 0.0
4889         -44.4 0.1 0.0
4890         -44.39999999999999 0.0 0.0
4891         -44.5 0.1 0.0
4892         -44.49999999999999 0.0 0.0
4893         -44.6 0.1 0.0
4894         -44.599999999999994 0.0 0.0
4895         -44.7 0.1 0.0
4896         -44.699999999999996 0.0 0.0
4897         -44.800000000000004 0.1 0.0
4898         -44.8 0.0 0.0
4899         -44.9 0.1 0.0
4900         -44.9 0.0 0.0
4901         -45.0 0.1 0.0
4902         -44.99999999999999 0.0 0.0
4903         -45.1 0.1 0.0
4904         -45.099999999999994 0.0 0.0
4905         -45.2 0.1 0.0
4906         -45.199999999999996 0.0 0.0
4907         -45.300000000000004 0.1 0.0
4908         -45.3 0.0 0.0
4909         -45.4 0.1 0.0
4910         -45.4 0.0 0.0
4911         -45.5 0.1 0.0
4912         -45.49999999999999 0.0 0.0
4913         -45.6 0.1 0.0
4914         -45.599999999999994 0.0 0.0
4915         -45.7 0.1 0.0
4916         -45.699999999999996 0.0 0.0
4917         -45.800000000000004 0.1 0.0
4918         -45.8 0.0 0.0
4919         -45.9 0.1 0.0
4920         -45.9 0.0 0.0
4921         -46.0 0.1 0.0
4922         -46.0 0.0 0.0
4923         -46.1 0.1 0.0
4924         -46.099999999999994 0.0 0.0
4925         -46.2 0.1 0.0
4926         -46.199999999999996 0.0 0.0
4927         -46.300000000000004 0.1 0.0
4928         -46.3 0.0 0.0
4929         -46.400000000000006 0.1 0.0
4930         -46.4 0.0 0.0
4931         -46.5 0.1 0.0
4932         -46.5 0.0 0.0
4933         -46.6 0.1 0.0
4934         -46.599999999999994 0.0 0.0
4935         -46.7 0.1 0.0
4936         -46.699999999999996 0.0 0.0
4937         -46.800000000000004 0.1 0.0
4938         -46.8 0.0 0.0
4939         -46.9 0.1 0.0
4940         -46.9 0.0 0.0
4941         -47.0 0.1 0.0
4942         -47.0 0.0 0.0
4943         -47.099999999999994 0.1 0.0
4944         -47.099999999999994 0.0 0.0
4945         -47.199999999999996 0.1 0.0
4946         -47.199999999999996 0.0 0.0
4947         -47.3 0.1 0.0
4948         -47.3 0.0 0.0
4949         -47.4 0.1 0.0
4950         -47.4 0.0 0.0
4951         -47.5 0.1 0.0
4952         -47.5 0.0 0.0
4953         -47.599999999999994 0.1 0.0
4954         -47.599999999999994 0.0 0.0
4955         -47.699999999999996 0.1 0.0
4956         -47.699999999999996 0.0 0.0
4957         -47.8 0.1 0.0
4958         -47.8 0.0 0.0
4959         -47.9 0.1 0.0
4960         -47.9 0.0 0.0
4961         -48.0 0.1 0.0
4962         -48.0 0.0 0.0
4963         -48.1 0.1 0.0
4964         -48.1 0.0 0.0
4965         -48.199999999999996 0.1 0.0
4966         -48.199999999999996 0.0 0.0
4967         -48.3 0.1 0.0
4968         -48.3 0.0 0.0
4969         -48.4 0.1 0.0
4970         -48.4 0.0 0.0
4971         -48.5 0.1 0.0
4972         -48.5 0.0 0.0
4973         -48.6 0.1 0.0
4974         -48.6 0.0 0.0
4975         -48.699999999999996 0.1 0.0
4976         -48.699999999999996 0.0 0.0
4977         -48.8 0.1 0.0
4978         -48.8 0.0 0.0
4979         -48.9 0.1 0.0
4980         -48.9 0.0 0.0
4981         -49.0 0.1 0.0
4982         -49.0 0.0 0.0
4983         -49.1 0.1 0.0
4984         -49.1 0.0 0.0
4985         -49.2 0.1 0.0
4986         -49.2 0.0 0.0
4987         -49.3 0.1 0.0
4988         -49.3 0.0 0.0
4989         -49.4 0.1 0.0
4990         -49.4 0.0 0.0
4991         -49.5 0.1 0.0
4992         -49.5 0.0 0.0
4993         -49.6 0.1 0.0
4994         -49.6 0.0 0.0
4995         -49.7 0.1 0.0
4996         -49.7 0.0 0.0
4997         -49.8 0.1 0.0
4998         -49.8 0.0 0.0
4999         -49.9 0.1 0.0
5000         -49.9 0.0 0.0
5001         -50.0 0.1 0.0
5002         -50.0 0.0 0.0
5003         -50.1 0.1 0.0
5004         -50.1 0.0 0.0
5005         -50.2 0.1 0.0
5006         -50.2 0.0 0.0
5007         -50.3 0.1 0.0
5008         -50.3 0.0 0.0
5009         -50.4 0.1 0.0
5010         -50.4 0.0 0.0
5011         -50.5 0.1 0.0
5012         -50.5 0.0 0.0
5013         -50.6 0.1 0.0
5014         -50.6 0.0 0.0
5015         -50.7 0.1 0.0
5016         -50.7 0.0 0.0
5017         -50.8 0.1 0.0
5018         -50.8 0.0 0.0
5019         -50.9 0.1 0.0
5020         -50.9 0.0 0.0
5021         -51.0 0.1 0.0
5022         -51.0 0.0 0.0
5023         -51.1 0.1 0.0
5024         -51.1 0.0 0.0
5025         -51.2 0.1 0.0
5026         -51.2 0.0 0.0
5027         -51.300000000000004 0.1 0.0
5028         -51.300000000000004 0.0 0.0
5029         -51.4 0.1 0.0
5030         -51.4 0.0 0.0
5031         -51.5 0.1 0.0
5032         -51.5 0.0 0.0
5033         -51.6 0.1 0.0
5034         -51.6 0.0 0.0
5035         -51.7 0.1 0.0
5036         -51.7 0.0 0.0
5037         -51.800000000000004 0.1 0.0
5038         -51.800000000000004 0.0 0.0
5039         -51.9 0.1 0.0
5040         -51.9 0.0 0.0
5041         -52.0 0.1 0.0
5042         -52.0 0.0 0.0
5043         -52.1 0.1 0.0
5044         -52.1 0.0 0.0
5045         -52.2 0.1 0.0
5046         -52.2 0.0 0.0
5047         -52.300000000000004 0.1 0.0
5048         -52.300000000000004 0.0 0.0
5049         -52.400000000000006 0.1 0.0
5050         -52.400000000000006 0.0 0.0
5051         -52.5 0.1 0.0
5052         -52.5 0.0 0.0
5053         -52.6 0.1 0.0
5054         -52.6 0.0 0.0
5055         -52.7 0.1 0.0
5056         -52.7 0.0 0.0
5057         -52.800000000000004 0.1 0.0
5058         -52.800000000000004 0.0 0.0
5059         -52.900000000000006 0.1 0.0
5060         -52.900000000000006 0.0 0.0
5061         -53.0 0.1 0.0
5062         -53.0 0.0 0.0
5063         -53.1 0.1 0.0
5064         -53.1 0.0 0.0
5065         -53.2 0.1 0.0
5066         -53.199999999999996 0.0 0.0
5067         -53.300000000000004 0.1 0.0
5068         -53.3 0.0 0.0
5069         -53.400000000000006 0.1 0.0
5070         -53.4 0.0 0.0
5071         -53.5 0.1 0.0
5072         -53.5 0.0 0.0
5073         -53.6 0.1 0.0
5074         -53.599999999999994 0.0 0.0
5075         -53.7 0.1 0.0
5076         -53.699999999999996 0.0 0.0
5077         -53.800000000000004 0.1 0.0
5078         -53.8 0.0 0.0
5079         -53.900000000000006 0.1 0.0
5080         -53.9 0.0 0.0
5081         -54.0 0.1 0.0
5082         -54.0 0.0 0.0
5083         -54.1 0.1 0.0
5084         -54.1 0.0 0.0
5085         -54.2 0.1 0.0
5086         -54.199999999999996 0.0 0.0
5087         -54.300000000000004 0.1 0.0
5088         -54.3 0.0 0.0
5089         -54.400000000000006 0.1 0.0
5090         -54.4 0.0 0.0
5091         -54.50000000000001 0.1 0.0
5092         -54.5 0.0 0.0
5093         -54.6 0.1 0.0
5094         -54.6 0.0 0.0
5095         -54.7 0.1 0.0
5096         -54.699999999999996 0.0 0.0
5097         -54.800000000000004 0.1 0.0
5098         -54.8 0.0 0.0
5099         -54.900000000000006 0.1 0.0
5100         -54.9 0.0 0.0
5101         -55.00000000000001 0.1 0.0
5102         -55.0 0.0 0.0
5103         -55.1 0.1 0.0
5104         -55.1 0.0 0.0
5105         -55.2 0.1 0.0
5106         -55.199999999999996 0.0 0.0
5107         -55.300000000000004 0.1 0.0
5108         -55.3 0.0 0.0
5109         -55.400000000000006 0.1 0.0
5110         -55.4 0.0 0.0
5111         -55.50000000000001 0.1 0.0
5112         -55.5 0.0 0.0
5113         -55.60000000000001 0.1 0.0
5114         -55.6 0.0 0.0
5115         -55.7 0.1 0.0
5116         -55.7 0.0 0.0
5117         -55.800000000000004 0.1 0.0
5118         -55.8 0.0 0.0
5119         -55.900000000000006 0.1 0.0
5120         -55.9 0.0 0.0
5121         -56.00000000000001 0.1 0.0
5122         -56.0 0.0 0.0
5123         -56.10000000000001 0.1 0.0
5124         -56.1 0.0 0.0
5125         -56.2 0.1 0.0
5126         -56.2 0.0 0.0
5127         -56.3 0.1 0.0
5128         -56.3 0.0 0.0
5129         -56.39999999999999 0.1 0.0
5130         -56.4 0.0 0.0
5131         -56.49999999999999 0.1 0.0
5132         -56.5 0.0 0.0
5133         -56.599999999999994 0.1 0.0
5134         -56.6 0.0 0.0
5135         -56.699999999999996 0.1 0.0
5136         -56.7 0.0 0.0
5137         -56.8 0.1 0.0
5138         -56.8 0.0 0.0
5139         -56.89999999999999 0.1 0.0
5140         -56.9 0.0 0.0
5141         -56.99999999999999 0.1 0.0
5142         -57.0 0.0 0.0
5143         -57.099999999999994 0.1 0.0
5144         -57.1 0.0 0.0
5145         -57.199999999999996 0.1 0.0
5146         -57.2 0.0 0.0
5147         -57.3 0.1 0.0
5148         -57.300000000000004 0.0 0.0
5149         -57.4 0.1 0.0
5150         -57.4 0.0 0.0
5151         -57.49999999999999 0.1 0.0
5152         -57.5 0.0 0.0
5153         -57.599999999999994 0.1 0.0
5154         -57.6 0.0 0.0
5155         -57.699999999999996 0.1 0.0
5156         -57.7 0.0 0.0
5157         -57.8 0.1 0.0
5158         -57.800000000000004 0.0 0.0
5159         -57.9 0.1 0.0
5160         -57.9 0.0 0.0
5161         -57.99999999999999 0.1 0.0
5162         -58.0 0.0 0.0
5163         -58.099999999999994 0.1 0.0
5164         -58.1 0.0 0.0
5165         -58.199999999999996 0.1 0.0
5166         -58.2 0.0 0.0
5167         -58.3 0.1 0.0
5168         -58.300000000000004 0.0 0.0
5169         -58.4 0.1 0.0
5170         -58.4 0.0 0.0
5171         -58.5 0.1 0.0
5172         -58.5 0.0 0.0
5173         -58.599999999999994 0.1 0.0
5174         -58.6 0.0 0.0
5175         -58.699999999999996 0.1 0.0
5176         -58.7 0.0 0.0
5177         -58.8 0.1 0.0
5178         -58.800000000000004 0.0 0.0
5179         -58.9 0.1 0.0
5180         -58.900000000000006 0.0 0.0
5181         -59.0 0.1 0.0
5182         -59.0 0.0 0.0
5183         -59.099999999999994 0.1 0.0
5184         -59.1 0.0 0.0
5185         -59.199999999999996 0.1 0.0
5186         -59.2 0.0 0.0
5187         -59.3 0.1 0.0
5188         -59.300000000000004 0.0 0.0
5189         -59.4 0.1 0.0
5190         -59.4 0.0 0.0
5191         -59.5 0.1 0.0
5192         -59.5 0.0 0.0
5193         -59.599999999999994 0.1 0.0
5194         -59.599999999999994 0.0 0.0
5195         -59.699999999999996 0.1 0.0
5196         -59.699999999999996 0.0 0.0
5197         -59.8 0.1 0.0
5198         -59.8 0.0 0.0
5199         -59.9 0.1 0.0
5200         -59.9 0.0 0.0
5201         -60.0 0.1 0.0
5202         -60.0 0.0 0.0
5203         -60.099999999999994 0.1 0.0
5204         -60.099999999999994 0.0 0.0
5205         -60.199999999999996 0.1 0.0
5206         -60.199999999999996 0.0 0.0
5207         -60.3 0.1 0.0
5208         -60.3 0.0 0.0
5209         -60.4 0.1 0.0
5210         -60.4 0.0 0.0
5211         -60.5 0.1 0.0
5212         -60.5 0.0 0.0
5213         -60.6 0.1 0.0
5214         -60.6 0.0 0.0
5215         -60.699999999999996 0.1 0.0
5216         -60.699999999999996 0.0 0.0
5217         -60.8 0.1 0.0
5218         -60.8 0.0 0.0
5219         -60.9 0.1 0.0
5220         -60.9 0.0 0.0
5221         -61.0 0.1 0.0
5222         -61.0 0.0 0.0
5223         -61.1 0.1 0.0
5224         -61.1 0.0 0.0
5225         -61.199999999999996 0.1 0.0
5226         -61.199999999999996 0.0 0.0
5227         -61.3 0.1 0.0
5228         -61.3 0.0 0.0
5229         -61.4 0.1 0.0
5230         -61.4 0.0 0.0
5231         -61.5 0.1 0.0
5232         -61.5 0.0 0.0
5233         -61.6 0.1 0.0
5234         -61.6 0.0 0.0
5235         -61.7 0.1 0.0
5236         -61.7 0.0 0.0
5237         -61.8 0.1 0.0
5238         -61.8 0.0 0.0
5239         -61.9 0.1 0.0
5240         -61.9 0.0 0.0
5241         -62.0 0.1 0.0
5242         -62.0 0.0 0.0
5243         -62.1 0.1 0.0
5244         -62.1 0.0 0.0
5245         -62.2 0.1 0.0
5246         -62.2 0.0 0.0
5247         -62.3 0.1 0.0
5248         -62.3 0.0 0.0
5249         -62.4 0.1 0.0
5250         -62.4 0.0 0.0
5251         -62.5 0.1 0.0
5252         -62.5 0.0 0.0
5253         -62.6 0.1 0.0
5254         -62.6 0.0 0.0
5255         -62.7 0.1 0.0
5256         -62.7 0.0 0.0
5257         -62.8 0.1 0.0
5258         -62.8 0.0 0.0
5259         -62.9 0.1 0.0
5260         -62.9 0.0 0.0
5261         -63.0 0.1 0.0
5262         -63.0 0.0 0.0
5263         -63.1 0.1 0.0
5264         -63.1 0.0 0.0
5265         -63.2 0.1 0.0
5266         -63.2 0.0 0.0
5267         -63.3 0.1 0.0
5268         -63.3 0.0 0.0
5269         -63.4 0.1 0.0
5270         -63.4 0.0 0.0
5271         -63.5 0.1 0.0
5272         -63.5 0.0 0.0
5273         -63.6 0.1 0.0
5274         -63.6 0.0 0.0
5275         -63.7 0.1 0.0
5276         -63.7 0.0 0.0
5277         -63.800000000000004 0.1 0.0
5278         -63.800000000000004 0.0 0.0
5279         -63.9 0.1 0.0
5280         -63.9 0.0 0.0
5281         -64.0 0.1 0.0
5282         -64.0 0.0 0.0
5283         -64.1 0.1 0.0
5284         -64.1 0.0 0.0
5285         -64.2 0.1 0.0
5286         -64.2 0.0 0.0
5287         -64.3 0.1 0.0
5288         -64.30000000000001 0.0 0.0
5289         -64.4 0.1 0.0
5290         -64.4 0.0 0.0
5291         -64.5 0.1 0.0
5292         -64.5 0.0 0.0
5293         -64.60000000000001 0.1 0.0
5294         -64.6 0.0 0.0
5295         -64.7 0.1 0.0
5296         -64.7 0.0 0.0
5297         -64.8 0.1 0.0
5298         -64.80000000000001 0.0 0.0
5299         -64.9 0.1 0.0
5300         -64.9 0.0 0.0
5301         -65.0 0.1 0.0
5302         -65.0 0.0 0.0
5303         -65.10000000000001 0.1 0.0
5304         -65.1 0.0 0.0
5305         -65.2 0.1 0.0
5306         -65.2 0.0 0.0
5307         -65.3 0.1 0.0
5308         -65.30000000000001 0.0 0.0
5309         -65.4 0.1 0.0
5310         -65.4 0.0 0.0
5311         -65.5 0.1 0.0
5312         -65.5 0.0 0.0
5313         -65.60000000000001 0.1 0.0
5314         -65.6 0.0 0.0
5315         -65.7 0.1 0.0
5316         -65.69999999999999 0.0 0.0
5317         -65.8 0.1 0.0
5318         -65.8 0.0 0.0
5319         -65.9 0.1 0.0
5320         -65.9 0.0 0.0
5321         -66.0 0.1 0.0
5322         -66.0 0.0 0.0
5323         -66.10000000000001 0.1 0.0
5324         -66.1 0.0 0.0
5325         -66.2 0.1 0.0
5326         -66.19999999999999 0.0 0.0
5327         -66.3 0.1 0.0
5328         -66.3 0.0 0.0
5329         -66.4 0.1 0.0
5330         -66.4 0.0 0.0
5331         -66.5 0.1 0.0
5332         -66.5 0.0 0.0
5333         -66.60000000000001 0.1 0.0
5334         -66.6 0.0 0.0
5335         -66.7 0.1 0.0
5336         -66.69999999999999 0.0 0.0
5337         -66.8 0.1 0.0
5338         -66.8 0.0 0.0
5339         -66.9 0.1 0.0
5340         -66.9 0.0 0.0
5341         -67.0 0.1 0.0
5342         -67.0 0.0 0.0
5343         -67.10000000000001 0.1 0.0
5344         -67.1 0.0 0.0
5345         -67.2 0.1 0.0
5346         -67.19999999999999 0.0 0.0
5347         -67.30000000000001 0.1 0.0
5348         -67.3 0.0 0.0
5349         -67.4 0.1 0.0
5350         -67.4 0.0 0.0
5351         -67.5 0.1 0.0
5352         -67.5 0.0 0.0
5353         -67.60000000000001 0.1 0.0
5354         -67.6 0.0 0.0
5355         -67.7 0.1 0.0
5356         -67.69999999999999 0.0 0.0
5357         -67.80000000000001 0.1 0.0
5358         -67.8 0.0 0.0
5359         -67.9 0.1 0.0
5360         -67.9 0.0 0.0
5361         -68.0 0.1 0.0
5362         -68.0 0.0 0.0
5363         -68.10000000000001 0.1 0.0
5364         -68.1 0.0 0.0
5365         -68.2 0.1 0.0
5366         -68.2 0.0 0.0
5367         -68.30000000000001 0.1 0.0
5368         -68.3 0.0 0.0
5369         -68.4 0.1 0.0
5370         -68.4 0.0 0.0
5371         -68.5 0.1 0.0
5372         -68.5 0.0 0.0
5373         -68.60000000000001 0.1 0.0
5374         -68.6 0.0 0.0
5375         -68.7 0.1 0.0
5376         -68.7 0.0 0.0
5377         -68.8 0.1 0.0
5378         -68.8 0.0 0.0
5379         -68.89999999999999 0.1 0.0
5380         -68.9 0.0 0.0
5381         -69.0 0.1 0.0
5382         -69.0 0.0 0.0
5383         -69.1 0.1 0.0
5384         -69.1 0.0 0.0
5385         -69.19999999999999 0.1 0.0
5386         -69.2 0.0 0.0
5387         -69.3 0.1 0.0
5388         -69.3 0.0 0.0
5389         -69.39999999999999 0.1 0.0
5390         -69.4 0.0 0.0
5391         -69.5 0.1 0.0
5392         -69.5 0.0 0.0
5393         -69.6 0.1 0.0
5394         -69.6 0.0 0.0
5395         -69.69999999999999 0.1 0.0
5396         -69.7 0.0 0.0
5397         -69.8 0.1 0.0
5398         -69.8 0.0 0.0
5399         -69.89999999999999 0.1 0.0
5400         -69.9 0.0 0.0
5401         -70.0 0.1 0.0
5402         -70.0 0.0 0.0
5403         -70.1 0.1 0.0
5404         -70.1 0.0 0.0
5405         -70.19999999999999 0.1 0.0
5406         -70.2 0.0 0.0
5407         -70.3 0.1 0.0
5408         -70.3 0.0 0.0
5409         -70.39999999999999 0.1 0.0
5410         -70.4 0.0 0.0
5411         -70.5 0.1 0.0
5412         -70.5 0.0 0.0
5413         -70.6 0.1 0.0
5414         -70.6 0.0 0.0
5415         -70.7 0.1 0.0
5416         -70.7 0.0 0.0
5417         -70.8 0.1 0.0
5418         -70.8 0.0 0.0
5419         -70.89999999999999 0.1 0.0
5420         -70.9 0.0 0.0
5421         -71.0 0.1 0.0
5422         -71.0 0.0 0.0
5423         -71.1 0.1 0.0
5424         -71.1 0.0 0.0
5425         -71.2 0.1 0.0
5426         -71.2 0.0 0.0
5427         -71.3 0.1 0.0
5428         -71.3 0.0 0.0
5429         -71.39999999999999 0.1 0.0
5430         -71.4 0.0 0.0
5431         -71.5 0.1 0.0
5432         -71.5 0.0 0.0
5433         -71.6 0.1 0.0
5434         -71.6 0.0 0.0
5435         -71.7 0.1 0.0
5436         -71.7 0.0 0.0
5437         -71.8 0.1 0.0
5438         -71.80000000000001 0.0 0.0
5439         -71.89999999999999 0.1 0.0
5440         -71.9 0.0 0.0
5441         -72.0 0.1 0.0
5442         -72.0 0.0 0.0
5443         -72.1 0.1 0.0
5444         -72.1 0.0 0.0
5445         -72.2 0.1 0.0
5446         -72.19999999999999 0.0 0.0
5447         -72.3 0.1 0.0
5448         -72.3 0.0 0.0
5449         -72.39999999999999 0.1 0.0
5450         -72.4 0.0 0.0
5451         -72.5 0.1 0.0
5452         -72.5 0.0 0.0
5453         -72.6 0.1 0.0
5454         -72.6 0.0 0.0
5455         -72.7 0.1 0.0
5456         -72.7 0.0 0.0
5457         -72.8 0.1 0.0
5458         -72.8 0.0 0.0
5459         -72.89999999999999 0.1 0.0
5460         -72.9 0.0 0.0
5461         -73.0 0.1 0.0
5462         -73.0 0.0 0.0
5463         -73.1 0.1 0.0
5464         -73.1 0.0 0.0
5465         -73.2 0.1 0.0
5466         -73.2 0.0 0.0
5467         -73.3 0.1 0.0
5468         -73.3 0.0 0.0
5469         -73.4 0.1 0.0
5470         -73.4 0.0 0.0
5471         -73.5 0.1 0.0
5472         -73.5 0.0 0.0
5473         -73.6 0.1 0.0
5474         -73.6 0.0 0.0
5475         -73.7 0.1 0.0
5476         -73.7 0.0 0.0
5477         -73.8 0.1 0.0
5478         -73.8 0.0 0.0
5479         -73.9 0.1 0.0
5480         -73.9 0.0 0.0
5481         -74.0 0.1 0.0
5482         -74.0 0.0 0.0
5483         -74.1 0.1 0.0
5484         -74.1 0.0 0.0
5485         -74.2 0.1 0.0
5486         -74.2 0.0 0.0
5487         -74.3 0.1 0.0
5488         -74.3 0.0 0.0
5489         -74.4 0.1 0.0
5490         -74.4 0.0 0.0
5491         -74.5 0.1 0.0
5492         -74.5 0.0 0.0
5493         -74.6 0.1 0.0
5494         -74.6 0.0 0.0
5495         -74.7 0.1 0.0
5496         -74.7 0.0 0.0
5497         -74.8 0.1 0.0
5498         -74.8 0.0 0.0
5499         -74.9 0.1 0.0
5500         -74.9 0.0 0.0
5501         -75.0 0.1 0.0
5502         -75.0 0.0 0.0
5503         -75.1 0.1 0.0
5504         -75.1 0.0 0.0
5505         -75.2 0.1 0.0
5506         -75.2 0.0 0.0
5507         -75.3 0.1 0.0
5508         -75.3 0.0 0.0
5509         -75.4 0.1 0.0
5510         -75.4 0.0 0.0
5511         -75.5 0.1 0.0
5512         -75.5 0.0 0.0
5513         -75.6 0.1 0.0
5514         -75.6 0.0 0.0
5515         -75.7 0.1 0.0
5516         -75.7 0.0 0.0
5517         -75.8 0.1 0.0
5518         -75.8 0.0 0.0
5519         -75.9 0.1 0.0
5520         -75.9 0.0 0.0
5521         -76.0 0.1 0.0
5522         -76.0 0.0 0.0
5523         -76.1 0.1 0.0
5524         -76.1 0.0 0.0
5525         -76.2 0.1 0.0
5526         -76.2 0.0 0.0
5527         -76.3 0.1 0.0
5528         -76.3 0.0 0.0
5529         -76.4 0.1 0.0
5530         -76.4 0.0 0.0
5531         -76.5 0.1 0.0
5532         -76.5 0.0 0.0
5533         -76.6 0.1 0.0
5534         -76.6 0.0 0.0
5535         -76.7 0.1 0.0
5536         -76.7 0.0 0.0
5537         -76.8 0.1 0.0
5538         -76.8 0.0 0.0
5539         -76.9 0.1 0.0
5540         -76.9 0.0 0.0
5541         -77.0 0.1 0.0
5542         -77.0 0.0 0.0
5543         -77.10000000000001 0.1 0.0
5544         -77.1 0.0 0.0
5545         -77.2 0.1 0.0
5546         -77.2 0.0 0.0
5547         -77.3 0.1 0.0
5548         -77.3 0.0 0.0
5549         -77.4 0.1 0.0
5550         -77.4 0.0 0.0
5551         -77.5 0.1 0.0
5552         -77.5 0.0 0.0
5553         -77.60000000000001 0.1 0.0
5554         -77.6 0.0 0.0
5555         -77.7 0.1 0.0
5556         -77.7 0.0 0.0
5557         -77.8 0.1 0.0
5558         -77.8 0.0 0.0
5559         -77.9 0.1 0.0
5560         -77.9 0.0 0.0
5561         -78.0 0.1 0.0
5562         -78.0 0.0 0.0
5563         -78.10000000000001 0.1 0.0
5564         -78.1 0.0 0.0
5565         -78.2 0.1 0.0
5566         -78.2 0.0 0.0
5567         -78.3 0.1 0.0
5568         -78.3 0.0 0.0
5569         -78.4 0.1 0.0
5570         -78.4 0.0 0.0
5571         -78.5 0.1 0.0
5572         -78.5 0.0 0.0
5573         -78.60000000000001 0.1 0.0
5574         -78.6 0.0 0.0
5575         -78.7 0.1 0.0
5576         -78.7 0.0 0.0
5577         -78.8 0.1 0.0
5578         -78.8 0.0 0.0
5579         -78.9 0.1 0.0
5580         -78.9 0.0 0.0
5581         -79.0 0.1 0.0
5582         -79.0 0.0 0.0
5583         -79.10000000000001 0.1 0.0
5584         -79.1 0.0 0.0
5585         -79.2 0.1 0.0
5586         -79.2 0.0 0.0
5587         -79.3 0.1 0.0
5588         -79.3 0.0 0.0
5589         -79.4 0.1 0.0
5590         -79.4 0.0 0.0
5591         -79.5 0.1 0.0
5592         -79.5 0.0 0.0
5593         -79.60000000000001 0.1 0.0
5594         -79.6 0.0 0.0
5595         -79.7 0.1 0.0
5596         -79.7 0.0 0.0
5597         -79.80000000000001 0.1 0.0
5598         -79.8 0.0 0.0
5599         -79.9 0.1 0.0
5600         -79.9 0.0 0.0
5601         -80.0 0.1 0.0
5602         -80.0 0.0 0.0
5603         -80.10000000000001 0.1 0.0
5604         -80.1 0.0 0.0
5605         -80.2 0.1 0.0
5606         -80.2 0.0 0.0
5607         -80.30000000000001 0.1 0.0
5608         -80.3 0.0 0.0
5609         -80.4 0.1 0.0
5610         -80.4 0.0 0.0
5611         -80.5 0.1 0.0
5612         -80.5 0.0 0.0
5613         -80.60000000000001 0.1 0.0
5614         -80.6 0.0 0.0
5615         -80.7 0.1 0.0
5616         -80.7 0.0 0.0
5617         -80.80000000000001 0.1 0.0
5618         -80.8 0.0 0.0
5619         -80.9 0.1 0.0
5620         -80.9 0.0 0.0
5621         -81.0 0.1 0.0
5622         -81.0 0.0 0.0
5623         -81.10000000000001 0.1 0.0
5624         -81.1 0.0 0.0
5625         -81.2 0.1 0.0
5626         -81.2 0.0 0.0
5627         -81.3 0.1 0.0
5628         -81.3 0.0 0.0
5629         -81.39999999999999 0.1 0.0
5630         -81.4 0.0 0.0
5631         -81.5 0.1 0.0
5632         -81.5 0.0 0.0
5633         -81.6 0.1 0.0
5634         -81.6 0.0 0.0
5635         -81.69999999999999 0.1 0.0
5636         -81.7 0.0 0.0
5637         -81.8 0.1 0.0
5638         -81.8 0.0 0.0
5639         -81.89999999999999 0.1 0.0
5640         -81.9 0.0 0.0
5641         -82.0 0.1 0.0
5642         -82.0 0.0 0.0
5643         -82.1 0.1 0.0
5644         -82.1 0.0 0.0
5645         -82.19999999999999 0.1 0.0
5646         -82.2 0.0 0.0
5647         -82.3 0.1 0.0
5648         -82.3 0.0 0.0
5649         -82.39999999999999 0.1 0.0
5650         -82.4 0.0 0.0
5651         -82.5 0.1 0.0
5652         -82.5 0.0 0.0
5653         -82.6 0.1 0.0
5654         -82.6 0.0 0.0
5655         -82.69999999999999 0.1 0.0
5656         -82.7 0.0 0.0
5657         -82.8 0.1 0.0
5658         -82.8 0.0 0.0
5659         -82.89999999999999 0.1 0.0
5660         -82.9 0.0 0.0
5661         -83.0 0.1 0.0
5662         -83.0 0.0 0.0
5663         -83.1 0.1 0.0
5664         -83.1 0.0 0.0
5665         -83.2 0.1 0.0
5666         -83.2 0.0 0.0
5667         -83.3 0.1 0.0
5668         -83.3 0.0 0.0
5669         -83.39999999999999 0.1 0.0
5670         -83.4 0.0 0.0
5671         -83.5 0.1 0.0
5672         -83.5 0.0 0.0
5673         -83.6 0.1 0.0
5674         -83.6 0.0 0.0
5675         -83.7 0.1 0.0
5676         -83.7 0.0 0.0
5677         -83.8 0.1 0.0
5678         -83.8 0.0 0.0
5679         -83.89999999999999 0.1 0.0
5680         -83.9 0.0 0.0
5681         -84.0 0.1 0.0
5682         -84.0 0.0 0.0
5683         -84.1 0.1 0.0
5684         -84.1 0.0 0.0
5685         -84.2 0.1 0.0
5686         -84.2 0.0 0.0
5687         -84.3 0.1 0.0
5688         -84.3 0.0 0.0
5689         -84.39999999999999 0.1 0.0
5690         -84.4 0.0 0.0
5691         -84.5 0.1 0.0
5692         -84.5 0.0 0.0
5693         -84.6 0.1 0.0
5694         -84.6 0.0 0.0
5695         -84.7 0.1 0.0
5696         -84.7 0.0 0.0
5697         -84.8 0.1 0.0
5698         -84.8 0.0 0.0
5699         -84.89999999999999 0.1 0.0
5700         -84.9 0.0 0.0
5701         -85.0 0.1 0.0
5702         -85.0 0.0 0.0
5703         -85.1 0.1 0.0
5704         -85.1 0.0 0.0
5705         -85.2 0.1 0.0
5706         -85.2 0.0 0.0
5707         -85.3 0.1 0.0
5708         -85.3 0.0 0.0
5709         -85.39999999999999 0.1 0.0
5710         -85.4 0.0 0.0
5711         -85.5 0.1 0.0
5712         -85.5 0.0 0.0
5713         -85.6 0.1 0.0
5714         -85.6 0.0 0.0
5715         -85.7 0.1 0.0
5716         -85.7 0.0 0.0
5717         -85.8 0.1 0.0
5718         -85.8 0.0 0.0
5719         -85.9 0.1 0.0
5720         -85.9 0.0 0.0
5721         -86.0 0.1 0.0
5722         -86.0 0.0 0.0
5723         -86.1 0.1 0.0
5724         -86.1 0.0 0.0
5725         -86.2 0.1 0.0
5726         -86.2 0.0 0.0
5727         -86.3 0.1 0.0
5728         -86.3 0.0 0.0
5729         -86.4 0.1 0.0
5730         -86.4 0.0 0.0
5731         -86.5 0.1 0.0
5732         -86.5 0.0 0.0
5733         -86.6 0.1 0.0
5734         -86.6 0.0 0.0
5735         -86.7 0.1 0.0
5736         -86.7 0.0 0.0
5737         -86.8 0.1 0.0
5738         -86.8 0.0 0.0
5739         -86.9 0.1 0.0
5740         -86.9 0.0 0.0
5741         -87.0 0.1 0.0
5742         -87.0 0.0 0.0
5743         -87.1 0.1 0.0
5744         -87.1 0.0 0.0
5745         -87.2 0.1 0.0
5746         -87.2 0.0 0.0
5747         -87.3 0.1 0.0
5748         -87.3 0.0 0.0
5749         -87.4 0.1 0.0
5750         -87.4 0.0 0.0
5751         -87.5 0.1 0.0
5752         -87.5 0.0 0.0
5753         -87.6 0.1 0.0
5754         -87.6 0.0 0.0
5755         -87.7 0.1 0.0
5756         -87.7 0.0 0.0
5757         -87.8 0.1 0.0
5758         -87.8 0.0 0.0
5759         -87.9 0.1 0.0
5760         -87.9 0.0 0.0
5761         -88.0 0.1 0.0
5762         -88.0 0.0 0.0
5763         -88.1 0.1 0.0
5764         -88.1 0.0 0.0
5765         -88.2 0.1 0.0
5766         -88.2 0.0 0.0
5767         -88.3 0.1 0.0
5768         -88.3 0.0 0.0
5769         -88.4 0.1 0.0
5770         -88.4 0.0 0.0
5771         -88.5 0.1 0.0
5772         -88.5 0.0 0.0
5773         -88.6 0.1 0.0
5774         -88.6 0.0 0.0
5775         -88.7 0.1 0.0
5776         -88.7 0.0 0.0
5777         -88.8 0.1 0.0
5778         -88.8 0.0 0.0
5779         -88.9 0.1 0.0
5780         -88.9 0.0 0.0
5781         -89.0 0.1 0.0
5782         -89.0 0.0 0.0
5783         -89.1 0.1 0.0
5784         -89.1 0.0 0.0
5785         -89.2 0.1 0.0
5786         -89.2 0.0 0.0
5787         -89.3 0.1 0.0
5788         -89.3 0.0 0.0
5789         -89.4 0.1 0.0
5790         -89.4 0.0 0.0
5791         -89.5 0.1 0.0
5792         -89.5 0.0 0.0
5793         -89.60000000000001 0.1 0.0
5794         -89.6 0.0 0.0
5795         -89.7 0.1 0.0
5796         -89.7 0.0 0.0
5797         -89.8 0.1 0.0
5798         -89.8 0.0 0.0
5799         -89.9 0.1 0.0
5800         -89.9 0.0 0.0
5801         -90.0 0.1 0.0
5802         -90.0 0.0 0.0
5803         -90.10000000000001 0.1 0.0
5804         -90.1 0.0 0.0
5805         -90.2 0.1 0.0
5806         -90.2 0.0 0.0
5807         -90.3 0.1 0.0
5808         -90.3 0.0 0.0
5809         -90.4 0.1 0.0
5810         -90.4 0.0 0.0
5811         -90.5 0.1 0.0
5812         -90.5 0.0 0.0
5813         -90.60000000000001 0.1 0.0
5814         -90.6 0.0 0.0
5815         -90.7 0.1 0.0
5816         -90.7 0.0 0.0
5817         -90.8 0.1 0.0
5818         -90.8 0.0 0.0
5819         -90.9 0.1 0.0
5820         -90.9 0.0 0.0
5821         -91.0 0.1 0.0
5822         -91.0 0.0 0.0
5823         -91.10000000000001 0.1 0.0
5824         -91.1 0.0 0.0
5825         -91.2 0.1 0.0
5826         -91.2 0.0 0.0
5827         -91.3 0.1 0.0
5828         -91.3 0.0 0.0
5829         -91.4 0.1 0.0
5830         -91.4 0.0 0.0
5831         -91.5 0.1 0.0
5832         -91.5 0.0 0.0
5833         -91.60000000000001 0.1 0.0
5834         -91.6 0.0 0.0
5835         -91.7 0.1 0.0
5836         -91.7 0.0 0.0
5837         -91.8 0.1 0.0
5838         -91.8 0.0 0.0
5839         -91.9 0.1 0.0
5840         -91.9 0.0 0.0
5841         -92.0 0.1 0.0
5842         -92.0 0.0 0.0
5843         -92.10000000000001 0.1 0.0
5844         -92.1 0.0 0.0
5845         -92.2 0.1 0.0
5846         -92.2 0.0 0.0
5847         -92.30000000000001 0.1 0.0
5848         -92.3 0.0 0.0
5849         -92.4 0.1 0.0
5850         -92.4 0.0 0.0
5851         -92.5 0.1 0.0
5852         -92.5 0.0 0.0
5853         -92.60000000000001 0.1 0.0
5854         -92.6 0.0 0.0
5855         -92.7 0.1 0.0
5856         -92.7 0.0 0.0
5857         -92.80000000000001 0.1 0.0
5858         -92.8 0.0 0.0
5859         -92.9 0.1 0.0
5860         -92.9 0.0 0.0
5861         -93.0 0.1 0.0
5862         -93.0 0.0 0.0
5863         -93.10000000000001 0.1 0.0
5864         -93.1 0.0 0.0
5865         -93.2 0.1 0.0
5866         -93.2 0.0 0.0
5867         -93.30000000000001 0.1 0.0
5868         -93.3 0.0 0.0
5869         -93.4 0.1 0.0
5870         -93.4 0.0 0.0
5871         -93.5 0.1 0.0
5872         -93.5 0.0 0.0
5873         -93.60000000000001 0.1 0.0
5874         -93.6 0.0 0.0
5875         -93.7 0.1 0.0
5876         -93.7 0.0 0.0
5877         -93.8 0.1 0.0
5878         -93.8 0.0 0.0
5879         -93.89999999999999 0.1 0.0
5880         -93.9 0.0 0.0
5881         -94.0 0.1 0.0
5882         -94.0 0.0 0.0
5883         -94.1 0.1 0.0
5884         -94.1 0.0 0.0
5885         -94.19999999999999 0.1 0.0
5886         -94.2 0.0 0.0
5887         -94.3 0.1 0.0
5888         -94.3 0.0 0.0
5889         -94.39999999999999 0.1 0.0
5890         -94.4 0.0 0.0
5891         -94.5 0.1 0.0
5892         -94.5 0.0 0.0
5893         -94.6 0.1 0.0
5894         -94.6 0.0 0.0
5895         -94.69999999999999 0.1 0.0
5896         -94.7 0.0 0.0
5897         -94.8 0.1 0.0
5898         -94.8 0.0 0.0
5899         -94.89999999999999 0.1 0.0
5900         -94.9 0.0 0.0
5901         -95.0 0.1 0.0
5902         -95.0 0.0 0.0
5903         -95.1 0.1 0.0
5904         -95.1 0.0 0.0
5905         -95.19999999999999 0.1 0.0
5906         -95.2 0.0 0.0
5907         -95.3 0.1 0.0
5908         -95.3 0.0 0.0
5909         -95.39999999999999 0.1 0.0
5910         -95.4 0.0 0.0
5911         -95.5 0.1 0.0
5912         -95.5 0.0 0.0
5913         -95.6 0.1 0.0
5914         -95.6 0.0 0.0
5915         -95.7 0.1 0.0
5916         -95.7 0.0 0.0
5917         -95.8 0.1 0.0
5918         -95.8 0.0 0.0
5919         -95.89999999999999 0.1 0.0
5920         -95.9 0.0 0.0
5921         -96.0 0.1 0.0
5922         -96.0 0.0 0.0
5923         -96.1 0.1 0.0
5924         -96.1 0.0 0.0
5925         -96.2 0.1 0.0
5926         -96.2 0.0 0.0
5927         -96.3 0.1 0.0
5928         -96.3 0.0 0.0
5929         -96.39999999999999 0.1 0.0
5930         -96.4 0.0 0.0
5931         -96.5 0.1 0.0
5932         -96.5 0.0 0.0
5933         -96.6 0.1 0.0
5934         -96.6 0.0 0.0
5935         -96.7 0.1 0.0
5936         -96.7 0.0 0.0
5937         -96.8 0.1 0.0
5938         -96.8 0.0 0.0
5939         -96.89999999999999 0.1 0.0
5940         -96.9 0.0 0.0
5941         -97.0 0.1 0.0
5942         -97.0 0.0 0.0
5943         -97.1 0.1 0.0
5944         -97.1 0.0 0.0
5945         -97.2 0.1 0.0
5946         -97.2 0.0 0.0
5947         -97.3 0.1 0.0
5948         -97.3 0.0 0.0
5949         -97.39999999999999 0.1 0.0
5950         -97.4 0.0 0.0
5951         -97.5 0.1 0.0
5952         -97.5 0.0 0.0
5953         -97.6 0.1 0.0
5954         -97.6 0.0 0.0
5955         -97.7 0.1 0.0
5956         -97.7 0.0 0.0
5957         -97.8 0.1 0.0
5958         -97.8 0.0 0.0
5959         -97.89999999999999 0.1 0.0
5960         -97.9 0.0 0.0
5961         -98.0 0.1 0.0
5962         -98.0 0.0 0.0
5963         -98.1 0.1 0.0
5964         -98.1 0.0 0.0
5965         -98.2 0.1 0.0
5966         -98.2 0.0 0.0
5967         -98.3 0.1 0.0
5968         -98.3 0.0 0.0
5969         -98.4 0.1 0.0
5970         -98.4 0.0 0.0
5971         -98.5 0.1 0.0
5972         -98.5 0.0 0.0
5973         -98.6 0.1 0.0
5974         -98.6 0.0 0.0
5975         -98.7 0.1 0.0
5976         -98.7 0.0 0.0
5977         -98.8 0.1 0.0
5978         -98.8 0.0 0.0
5979         -98.9 0.1 0.0
5980         -98.9 0.0 0.0
5981         -99.0 0.1 0.0
5982         -99.0 0.0 0.0
5983         -99.1 0.1 0.0
5984         -99.1 0.0 0.0
5985         -99.2 0.1 0.0
5986         -99.2 0.0 0.0
5987         -99.3 0.1 0.0
5988         -99.3 0.0 0.0
5989         -99.4 0.1 0.0
5990         -99.4 0.0 0.0
5991         -99.5 0.1 0.0
5992         -99.5 0.0 0.0
5993         -99.6 0.1 0.0
5994         -99.6 0.0 0.0
5995         -99.7 0.1 0.0
5996         -99.7 0.0 0.0
5997         -99.8 0.1 0.0
5998         -99.8 0.0 0.0
5999         -99.9 0.1 0.0
6000         -99.9 0.0 0.0
6001         -100.0 0.1 0.0
6002         -100.0 0.0 0.0
