77         0.41723429902690956 0.41723429902690956 0.0
79         0.20861714951345478 0.41723429902690956 0.0
80         0.41723429902690956 0.20861714951345478 0.0
81         0.20861714951345472 0.20861714951345472 0.0
90         0.41723429902690956 0.0 0.0
91         0.0 0.41723429902690956 0.0
92         0.20861714951345484 -1.1102230246251565e-16 0.0
93         0.0 0.20861714951345461 0.0
101         0.0 -1.1102230246251565e-16 0.0
102         0.41723429902690956 -0.20861714951345478 0.0
103         -0.20861714951345478 0.41723429902690956 0.0
107         -0.20861714951345472 0.2086171495134545 0.0
108         0.20861714951345464 -0.2086171495134548 0.0
110         -0.20861714951345472 -1.1102230246251565e-16 0.0
111         -1.1102230246251565e-16 -0.20861714951345484 0.0
115         0.41723429902690956 -0.41723429902690956 0.0
116         -0.41723429902690956 0.41723429902690956 0.0
117         -0.41723429902690956 0.20861714951345478 0.0
118         0.20861714951345478 -0.41723429902690956 0.0
119         -0.20861714951345484 -0.2086171495134548 0.0
120         0.0 -0.41723429902690956 0.0
121         -0.41723429902690956 0.0 0.0
123         -0.41723429902690956 -0.20861714951345478 0.0
124         -0.20861714951345478 -0.41723429902690956 0.0
125         -0.41723429902690956 -0.41723429902690956 0.0
