1        75 71 103 107 96 94 116 117
2        86 75 107 110 105 96 117 121
3        100 86 110 119 114 105 121 123
4        113 100 119 124 122 114 123 125
5        46 44 71 75 74 69 94 96
6        61 46 75 86 84 74 96 105
7        78 61 86 100 99 84 105 114
8        98 78 100 113 112 99 114 122
9        34 30 44 46 60 55 69 74
10        41 34 46 61 68 60 74 84
11        63 41 61 78 88 68 84 99
12        89 63 78 98 109 88 99 112
13        28 23 30 34 52 49 55 60
14        36 28 34 41 64 52 60 68
15        58 36 41 63 82 64 68 88
16        83 58 63 89 104 82 88 109
17        56 50 91 93 75 71 103 107
18        66 56 93 101 86 75 107 110
19        87 66 101 111 100 86 110 119
20        106 87 111 120 113 100 119 124
21        31 25 50 56 46 44 71 75
22        38 31 56 66 61 46 75 86
23        62 38 66 87 78 61 86 100
24        85 62 87 106 98 78 100 113
25        16 13 25 31 34 30 44 46
26        24 16 31 38 41 34 46 61
27        42 24 38 62 63 41 61 78
28        67 42 62 85 89 63 78 98
29        11 10 13 16 28 23 30 34
30        21 11 16 24 36 28 34 41
31        37 21 24 42 58 36 41 63
32        65 37 42 67 83 58 63 89
33        45 39 79 81 56 50 91 93
34        57 45 81 92 66 56 93 101
35        76 57 92 108 87 66 101 111
36        97 76 108 118 106 87 111 120
37        20 18 39 45 31 25 50 56
38        32 20 45 57 38 31 56 66
39        47 32 57 76 62 38 66 87
40        73 47 76 97 85 62 87 106
41        8 7 18 20 16 13 25 31
42        17 8 20 32 24 16 31 38
43        33 17 32 47 42 24 38 62
44        59 33 47 73 67 42 62 85
45        5 3 7 8 11 10 13 16
46        12 5 8 17 21 11 16 24
47        27 12 17 33 37 21 24 42
48        53 27 33 59 65 37 42 67
49        40 35 77 80 45 39 79 81
50        51 40 80 90 57 45 81 92
51        72 51 90 102 76 57 92 108
52        95 72 102 115 97 76 108 118
53        19 15 35 40 20 18 39 45
54        26 19 40 51 32 20 45 57
55        43 26 51 72 47 32 57 76
56        70 43 72 95 73 47 76 97
57        6 4 15 19 8 7 18 20
58        14 6 19 26 17 8 20 32
59        29 14 26 43 33 17 32 47
60        54 29 43 70 59 33 47 73
61        2 1 4 6 5 3 7 8
62        9 2 6 14 12 5 8 17
63        22 9 14 29 27 12 17 33
64        48 22 29 54 53 27 33 59
