DAT_CURVE NUM#1000 
CUSTOM_CURVE
-0.00000
-0.09820
-0.19640
-0.29459
-0.39279
-0.49099
-0.58919
-0.68739
-0.78559
-0.88378
-0.98198
-1.08018
-1.17838
-1.27658
-1.37477
-1.47297
-1.57117
-1.66937
-1.76757
-1.86577
-1.96396
-2.06216
-2.16036
-2.25856
-2.35676
-2.45495
-2.55315
-2.65135
-2.74955
-2.84775
-2.94595
-3.04414
-3.14234
-3.24054
-3.33874
-3.43694
-3.53514
-3.63333
-3.73153
-3.82973
-3.92793
-4.02613
-4.12432
-4.22252
-4.32072
-4.41892
-4.51712
-4.61532
-4.71351
-4.81171
-4.90991
-5.00811
-5.10631
-5.20450
-5.30270
-5.40090
-5.49910
-5.59730
-5.69550
-5.79369
-5.89189
-5.99009
-6.08829
-6.18649
-6.28468
-6.38288
-6.48108
-6.57928
-6.67748
-6.77568
-6.87387
-6.97207
-7.07027
-7.16847
-7.26667
-7.36486
-7.46306
-7.56126
-7.65946
-7.75766
-7.85586
-7.95405
-8.05225
-8.15045
-8.24865
-8.34685
-8.44505
-8.54324
-8.64144
-8.73964
-8.83784
-8.93604
-9.03423
-9.13243
-9.23063
-9.32883
-9.42703
-9.52523
-9.62342
-9.72162
-9.81000
-9.81000
-9.81000
-9.81000
-9.81000
-9.81000
-9.81000
-9.81000
-9.81000
-9.81000
-9.81000
-9.81000
-9.81000
-9.81000
-9.81000
-9.81000
-9.81000
-9.81000
-9.81000
-9.81000
-9.81000
-9.81000
-9.81000
-9.81000
-9.81000
-9.81000
-9.81000
-9.81000
-9.81000
-9.81000
-9.81000
-9.81000
-9.81000
-9.81000
-9.81000
-9.81000
-9.81000
-9.81000
-9.81000
-9.81000
-9.81000
-9.81000
-9.81000
-9.81000
-9.81000
-9.81000
-9.81000
-9.81000
-9.81000
-9.81000
-9.81000
-9.81000
-9.81000
-9.81000
-9.81000
-9.81000
-9.81000
-9.81000
-9.81000
-9.81000
-9.81000
-9.81000
-9.81000
-9.81000
-9.81000
-9.81000
-9.81000
-9.81000
-9.81000
-9.81000
-9.81000
-9.81000
-9.81000
-9.81000
-9.81000
-9.81000
-9.81000
-9.81000
-9.81000
-9.81000
-9.81000
-9.81000
-9.81000
-9.81000
-9.81000
-9.81000
-9.81000
-9.81000
-9.81000
-9.81000
-9.81000
-9.81000
-9.81000
-9.81000
-9.81000
-9.81000
-9.81000
-9.81000
-9.81000
-9.81000
-9.81000
-9.81000
-9.81000
-9.81000
-9.81000
-9.81000
-9.81000
-9.81000
-9.81000
-9.81000
-9.81000
-9.81000
-9.81000
-9.81000
-9.81000
-9.81000
-9.81000
-9.81000
-9.81000
-9.81000
-9.81000
-9.81000
-9.81000
-9.81000
-9.81000
-9.81000
-9.81000
-9.81000
-9.81000
-9.81000
-9.81000
-9.81000
-9.81000
-9.81000
-9.81000
-9.81000
-9.81000
-9.81000
-9.81000
-9.81000
-9.81000
-9.81000
-9.81000
-9.81000
-9.81000
-9.81000
-9.81000
-9.81000
-9.81000
-9.81000
-9.81000
-9.81000
-9.81000
-9.81000
-9.81000
-9.81000
-9.81000
-9.81000
-9.81000
-9.81000
-9.81000
-9.81000
-9.81000
-9.81000
-9.81000
-9.81000
-9.81000
-9.81000
-9.81000
-9.81000
-9.81000
-9.81000
-9.81000
-9.81000
-9.81000
-9.81000
-9.81000
-9.81000
-9.81000
-9.81000
-9.81000
-9.81000
-9.81000
-9.81000
-9.81000
-9.81000
-9.81000
-9.81000
-9.81000
-9.81000
-9.81000
-9.81000
-9.81000
-9.81000
-9.81000
-9.81000
-9.81000
-9.81000
-9.81000
-9.81000
-9.81000
-9.81000
-9.81000
-9.81000
-9.81000
-9.81000
-9.81000
-9.81000
-9.81000
-9.81000
-9.81000
-9.81000
-9.81000
-9.81000
-9.81000
-9.81000
-9.81000
-9.81000
-9.81000
-9.81000
-9.81000
-9.81000
-9.81000
-9.81000
-9.81000
-9.81000
-9.81000
-9.81000
-9.81000
-9.81000
-9.81000
-9.81000
-9.81000
-9.81000
-9.81000
-9.81000
-9.81000
-9.81000
-9.81000
-9.81000
-9.81000
-9.81000
-9.81000
-9.81000
-9.81000
-9.81000
-9.81000
-9.81000
-9.81000
-9.81000
-9.81000
-9.81000
-9.81000
-9.81000
-9.81000
-9.81000
-9.81000
-9.81000
-9.81000
-9.81000
-9.81000
-9.81000
-9.81000
-9.81000
-9.81000
-9.81000
-9.81000
-9.81000
-9.81000
-9.81000
-9.81000
-9.81000
-9.81000
-9.81000
-9.81000
-9.81000
-9.81000
-9.81000
-9.81000
-9.81000
-9.81000
-9.81000
-9.81000
-9.81000
-9.81000
-9.81000
-9.81000
-9.81000
-9.81000
-9.81000
-9.81000
-9.81000
-9.81000
-9.81000
-9.81000
-9.81000
-9.81000
-9.81000
-9.81000
-9.81000
-9.81000
-9.81000
-9.81000
-9.81000
-9.81000
-9.81000
-9.81000
-9.81000
-9.81000
-9.81000
-9.81000
-9.81000
-9.81000
-9.81000
-9.81000
-9.81000
-9.81000
-9.81000
-9.81000
-9.81000
-9.81000
-9.81000
-9.81000
-9.81000
-9.81000
-9.81000
-9.81000
-9.81000
-9.81000
-9.81000
-9.81000
-9.81000
-9.81000
-9.81000
-9.81000
-9.81000
-9.81000
-9.81000
-9.81000
-9.81000
-9.81000
-9.81000
-9.81000
-9.81000
-9.81000
-9.81000
-9.81000
-9.81000
-9.81000
-9.81000
-9.81000
-9.81000
-9.81000
-9.81000
-9.81000
-9.81000
-9.81000
-9.81000
-9.81000
-9.81000
-9.81000
-9.81000
-9.81000
-9.81000
-9.81000
-9.81000
-9.81000
-9.81000
-9.81000
-9.81000
-9.81000
-9.81000
-9.81000
-9.81000
-9.81000
-9.81000
-9.81000
-9.81000
-9.81000
-9.81000
-9.81000
-9.81000
-9.81000
-9.81000
-9.81000
-9.81000
-9.81000
-9.81000
-9.81000
-9.81000
-9.81000
-9.81000
-9.81000
-9.81000
-9.81000
-9.81000
-9.81000
-9.81000
-9.81000
-9.81000
-9.81000
-9.81000
-9.81000
-9.81000
-9.81000
-9.81000
-9.81000
-9.81000
-9.81000
-9.81000
-9.81000
-9.81000
-9.81000
-9.81000
-9.81000
-9.81000
-9.81000
-9.81000
-9.81000
-9.81000
-9.81000
-9.81000
-9.81000
-9.81000
-9.81000
-9.81000
-9.81000
-9.81000
-9.81000
-9.81000
-9.81000
-9.81000
-9.81000
-9.81000
-9.81000
-9.81000
-9.81000
-9.81000
-9.81000
-9.81000
-9.81000
-9.81000
-9.81000
-9.81000
-9.81000
-9.81000
-9.81000
-9.81000
-9.81000
-9.81000
-9.81000
-9.81000
-9.81000
-9.81000
-9.81000
-9.81000
-9.81000
-9.81000
-9.81000
-9.81000
-9.81000
-9.81000
-9.81000
-9.81000
-9.81000
-9.81000
-9.81000
-9.81000
-9.81000
-9.81000
-9.81000
-9.81000
-9.81000
-9.81000
-9.81000
-9.81000
-9.81000
-9.81000
-9.81000
-9.81000
-9.81000
-9.81000
-9.81000
-9.81000
-9.81000
-9.81000
-9.81000
-9.81000
-9.81000
-9.81000
-9.81000
-9.81000
-9.81000
-9.81000
-9.81000
-9.81000
-9.81000
-9.81000
-9.81000
-9.81000
-9.81000
-9.81000
-9.81000
-9.81000
-9.81000
-9.81000
-9.81000
-9.81000
-9.81000
-9.81000
-9.81000
-9.81000
-9.81000
-9.81000
-9.81000
-9.81000
-9.81000
-9.81000
-9.81000
-9.81000
-9.81000
-9.81000
-9.81000
-9.81000
-9.81000
-9.81000
-9.81000
-9.81000
-9.81000
-9.81000
-9.81000
-9.81000
-9.81000
-9.81000
-9.81000
-9.81000
-9.81000
-9.81000
-9.81000
-9.81000
-9.81000
-9.81000
-9.81000
-9.81000
-9.81000
-9.81000
-9.81000
-9.81000
-9.81000
-9.81000
-9.81000
-9.81000
-9.81000
-9.81000
-9.81000
-9.81000
-9.81000
-9.81000
-9.81000
-9.81000
-9.81000
-9.81000
-9.81000
-9.81000
-9.81000
-9.81000
-9.81000
-9.81000
-9.81000
-9.81000
-9.81000
-9.81000
-9.81000
-9.81000
-9.81000
-9.81000
-9.81000
-9.81000
-9.81000
-9.81000
-9.81000
-9.81000
-9.81000
-9.81000
-9.81000
-9.81000
-9.81000
-9.81000
-9.81000
-9.81000
-9.81000
-9.81000
-9.81000
-9.81000
-9.81000
-9.81000
-9.81000
-9.81000
-9.81000
-9.81000
-9.81000
-9.81000
-9.81000
-9.81000
-9.81000
-9.81000
-9.81000
-9.81000
-9.81000
-9.81000
-9.81000
-9.81000
-9.81000
-9.81000
-9.81000
-9.81000
-9.81000
-9.81000
-9.81000
-9.81000
-9.81000
-9.81000
-9.81000
-9.81000
-9.81000
-9.81000
-9.81000
-9.81000
-9.81000
-9.81000
-9.81000
-9.81000
-9.81000
-9.81000
-9.81000
-9.81000
-9.81000
-9.81000
-9.81000
-9.81000
-9.81000
-9.81000
-9.81000
-9.81000
-9.81000
-9.81000
-9.81000
-9.81000
-9.81000
-9.81000
-9.81000
-9.81000
-9.81000
-9.81000
-9.81000
-9.81000
-9.81000
-9.81000
-9.81000
-9.81000
-9.81000
-9.81000
-9.81000
-9.81000
-9.81000
-9.81000
-9.81000
-9.81000
-9.81000
-9.81000
-9.81000
-9.81000
-9.81000
-9.81000
-9.81000
-9.81000
-9.81000
-9.81000
-9.81000
-9.81000
-9.81000
-9.81000
-9.81000
-9.81000
-9.81000
-9.81000
-9.81000
-9.81000
-9.81000
-9.81000
-9.81000
-9.81000
-9.81000
-9.81000
-9.81000
-9.81000
-9.81000
-9.81000
-9.81000
-9.81000
-9.81000
-9.81000
-9.81000
-9.81000
-9.81000
-9.81000
-9.81000
-9.81000
-9.81000
-9.81000
-9.81000
-9.81000
-9.81000
-9.81000
-9.81000
-9.81000
-9.81000
-9.81000
-9.81000
-9.81000
-9.81000
-9.81000
-9.81000
-9.81000
-9.81000
-9.81000
-9.81000
-9.81000
-9.81000
-9.81000
-9.81000
-9.81000
-9.81000
-9.81000
-9.81000
-9.81000
-9.81000
-9.81000
-9.81000
-9.81000
-9.81000
-9.81000
-9.81000
-9.81000
-9.81000
-9.81000
-9.81000
-9.81000
-9.81000
-9.81000
-9.81000
-9.81000
-9.81000
-9.81000
-9.81000
-9.81000
-9.81000
-9.81000
-9.81000
-9.81000
-9.81000
-9.81000
-9.81000
-9.81000
-9.81000
-9.81000
-9.81000
-9.81000
-9.81000
-9.81000
-9.81000
-9.81000
-9.81000
-9.81000
-9.81000
-9.81000
-9.81000
-9.81000
-9.81000
-9.81000
-9.81000
-9.81000
-9.81000
-9.81000
-9.81000
-9.81000
-9.81000
-9.81000
-9.81000
-9.81000
-9.81000
-9.81000
-9.81000
-9.81000
-9.81000
-9.81000
-9.81000
-9.81000
-9.81000
-9.81000
-9.81000
-9.81000
-9.81000
-9.81000
-9.81000
-9.81000
-9.81000
-9.81000
-9.81000
-9.81000
-9.81000
-9.81000
-9.81000
-9.81000
-9.81000
-9.81000
-9.81000
-9.81000
-9.81000
-9.81000
-9.81000
-9.81000
-9.81000
-9.81000
-9.81000
-9.81000
-9.81000
-9.81000
-9.81000
-9.81000
-9.81000
-9.81000
-9.81000
-9.81000
-9.81000
-9.81000
-9.81000
-9.81000
-9.81000
-9.81000
-9.81000
-9.81000
-9.81000
-9.81000
-9.81000
-9.81000
-9.81000
-9.81000
-9.81000
-9.81000
-9.81000
-9.81000
-9.81000
-9.81000
-9.81000
-9.81000
-9.81000
-9.81000
-9.81000
-9.81000
-9.81000
-9.81000
-9.81000
-9.81000
-9.81000
-9.81000
-9.81000
-9.81000
-9.81000
-9.81000
-9.81000
-9.81000
-9.81000
-9.81000
-9.81000
-9.81000
-9.81000
-9.81000
-9.81000
-9.81000
-9.81000
-9.81000
-9.81000
-9.81000
-9.81000
-9.81000
-9.81000
-9.81000
-9.81000
-9.81000
-9.81000
-9.81000
-9.81000
-9.81000
-9.81000
-9.81000
-9.81000
-9.81000
-9.81000
-9.81000
