1        2 4 3 1
2        5 7 4 2
3        11 13 7 5
4        16 19 13 11
5        24 27 19 16
6        35 37 27 24
7        44 47 37 35
8        58 61 47 44
9        72 74 61 58
10        88 91 74 72
11        4 8 6 3
12        7 9 8 4
13        13 15 9 7
14        19 22 15 13
15        27 30 22 19
16        37 39 30 27
17        47 52 39 37
18        61 64 52 47
19        74 78 64 61
20        91 94 78 74
21        8 12 10 6
22        9 14 12 8
23        15 20 14 9
24        22 25 20 15
25        30 33 25 22
26        39 43 33 30
27        52 54 43 39
28        64 66 54 52
29        78 83 66 64
30        94 97 83 78
31        12 18 17 10
32        14 21 18 12
33        20 26 21 14
34        25 31 26 20
35        33 40 31 25
36        43 49 40 33
37        54 60 49 43
38        66 70 60 54
39        83 84 70 66
40        97 102 84 83
41        18 28 23 17
42        21 29 28 18
43        26 32 29 21
44        31 41 32 26
45        40 48 41 31
46        49 55 48 40
47        60 69 55 49
48        70 80 69 60
49        84 96 80 70
50        102 108 96 84
51        28 36 34 23
52        29 38 36 28
53        32 42 38 29
54        41 50 42 32
55        48 56 50 41
56        55 65 56 48
57        69 79 65 55
58        80 90 79 69
59        96 104 90 80
60        108 115 104 96
61        36 46 45 34
62        38 51 46 36
63        42 53 51 38
64        50 59 53 42
65        56 68 59 50
66        65 76 68 56
67        79 86 76 65
68        90 99 86 79
69        104 112 99 90
70        115 123 112 104
71        46 62 57 45
72        51 63 62 46
73        53 67 63 51
74        59 71 67 53
75        68 81 71 59
76        76 87 81 68
77        86 100 87 76
78        99 110 100 86
79        112 120 110 99
80        123 129 120 112
81        62 75 73 57
82        63 77 75 62
83        67 82 77 63
84        71 85 82 67
85        81 95 85 71
86        87 103 95 81
87        100 111 103 87
88        110 119 111 100
89        120 128 119 110
90        129 138 128 120
91        75 92 89 73
92        77 93 92 75
93        82 98 93 77
94        85 101 98 82
95        95 107 101 85
96        103 114 107 95
97        111 124 114 103
98        119 130 124 111
99        128 139 130 119
100        138 147 139 128
101        92 106 105 89
102        93 109 106 92
103        98 113 109 93
104        101 116 113 98
105        107 121 116 101
106        114 126 121 107
107        124 133 126 114
108        130 141 133 124
109        139 148 141 130
110        147 154 148 139
111        106 118 117 105
112        109 122 118 106
113        113 125 122 109
114        116 127 125 113
115        121 132 127 116
116        126 137 132 121
117        133 142 137 126
118        141 151 142 133
119        148 157 151 141
120        154 164 157 148
121        118 134 131 117
122        122 135 134 118
123        125 136 135 122
124        127 140 136 125
125        132 143 140 127
126        137 149 143 132
127        142 153 149 137
128        151 161 153 142
129        157 166 161 151
130        164 174 166 157
131        134 145 144 131
132        135 146 145 134
133        136 150 146 135
134        140 152 150 136
135        143 155 152 140
136        149 160 155 143
137        153 165 160 149
138        161 170 165 153
139        166 177 170 161
140        174 184 177 166
141        145 158 156 144
142        146 159 158 145
143        150 162 159 146
144        152 163 162 150
145        155 167 163 152
146        160 172 167 155
147        165 176 172 160
148        170 180 176 165
149        177 188 180 170
150        184 193 188 177
151        158 169 168 156
152        159 171 169 158
153        162 173 171 159
154        163 175 173 162
155        167 178 175 163
156        172 182 178 167
157        176 186 182 172
158        180 190 186 176
159        188 197 190 180
160        193 202 197 188
161        169 181 179 168
162        171 183 181 169
163        173 185 183 171
164        175 187 185 173
165        178 189 187 175
166        182 194 189 178
167        186 198 194 182
168        190 201 198 186
169        197 207 201 190
170        202 213 207 197
171        181 192 191 179
172        183 195 192 181
173        185 196 195 183
174        187 199 196 185
175        189 200 199 187
176        194 203 200 189
177        198 209 203 194
178        201 212 209 198
179        207 218 212 201
180        213 222 218 207
181        192 205 204 191
182        195 206 205 192
183        196 208 206 195
184        199 210 208 196
185        200 211 210 199
186        203 214 211 200
187        209 220 214 203
188        212 223 220 209
189        218 226 223 212
190        222 228 226 218
191        205 216 215 204
192        206 217 216 205
193        208 219 217 206
194        210 221 219 208
195        211 224 221 210
196        214 225 224 211
197        220 227 225 214
198        223 229 227 220
199        226 230 229 223
200        228 231 230 226
