1        2 4 1
2        4 3 1
3        5 7 2
4        7 4 2
5        11 13 5
6        13 7 5
7        16 19 11
8        19 13 11
9        24 27 16
10        27 19 16
11        35 37 24
12        37 27 24
13        44 47 35
14        47 37 35
15        58 61 44
16        61 47 44
17        72 74 58
18        74 61 58
19        88 91 72
20        91 74 72
21        4 8 3
22        8 6 3
23        7 9 4
24        9 8 4
25        13 15 7
26        15 9 7
27        19 22 13
28        22 15 13
29        27 30 19
30        30 22 19
31        37 39 27
32        39 30 27
33        47 52 37
34        52 39 37
35        61 64 47
36        64 52 47
37        74 78 61
38        78 64 61
39        91 94 74
40        94 78 74
41        8 12 6
42        12 10 6
43        9 14 8
44        14 12 8
45        15 20 9
46        20 14 9
47        22 25 15
48        25 20 15
49        30 33 22
50        33 25 22
51        39 43 30
52        43 33 30
53        52 54 39
54        54 43 39
55        64 66 52
56        66 54 52
57        78 83 64
58        83 66 64
59        94 97 78
60        97 83 78
61        12 18 10
62        18 17 10
63        14 21 12
64        21 18 12
65        20 26 14
66        26 21 14
67        25 31 20
68        31 26 20
69        33 40 25
70        40 31 25
71        43 49 33
72        49 40 33
73        54 60 43
74        60 49 43
75        66 70 54
76        70 60 54
77        83 84 66
78        84 70 66
79        97 102 83
80        102 84 83
81        18 28 17
82        28 23 17
83        21 29 18
84        29 28 18
85        26 32 21
86        32 29 21
87        31 41 26
88        41 32 26
89        40 48 31
90        48 41 31
91        49 55 40
92        55 48 40
93        60 69 49
94        69 55 49
95        70 80 60
96        80 69 60
97        84 96 70
98        96 80 70
99        102 108 84
100        108 96 84
101        28 36 23
102        36 34 23
103        29 38 28
104        38 36 28
105        32 42 29
106        42 38 29
107        41 50 32
108        50 42 32
109        48 56 41
110        56 50 41
111        55 65 48
112        65 56 48
113        69 79 55
114        79 65 55
115        80 90 69
116        90 79 69
117        96 104 80
118        104 90 80
119        108 115 96
120        115 104 96
121        36 46 34
122        46 45 34
123        38 51 36
124        51 46 36
125        42 53 38
126        53 51 38
127        50 59 42
128        59 53 42
129        56 68 50
130        68 59 50
131        65 76 56
132        76 68 56
133        79 86 65
134        86 76 65
135        90 99 79
136        99 86 79
137        104 112 90
138        112 99 90
139        115 123 104
140        123 112 104
141        46 62 45
142        62 57 45
143        51 63 46
144        63 62 46
145        53 67 51
146        67 63 51
147        59 71 53
148        71 67 53
149        68 81 59
150        81 71 59
151        76 87 68
152        87 81 68
153        86 100 76
154        100 87 76
155        99 110 86
156        110 100 86
157        112 120 99
158        120 110 99
159        123 129 112
160        129 120 112
161        62 75 57
162        75 73 57
163        63 77 62
164        77 75 62
165        67 82 63
166        82 77 63
167        71 85 67
168        85 82 67
169        81 95 71
170        95 85 71
171        87 103 81
172        103 95 81
173        100 111 87
174        111 103 87
175        110 119 100
176        119 111 100
177        120 128 110
178        128 119 110
179        129 138 120
180        138 128 120
181        75 92 73
182        92 89 73
183        77 93 75
184        93 92 75
185        82 98 77
186        98 93 77
187        85 101 82
188        101 98 82
189        95 107 85
190        107 101 85
191        103 114 95
192        114 107 95
193        111 124 103
194        124 114 103
195        119 130 111
196        130 124 111
197        128 139 119
198        139 130 119
199        138 147 128
200        147 139 128
201        92 106 89
202        106 105 89
203        93 109 92
204        109 106 92
205        98 113 93
206        113 109 93
207        101 116 98
208        116 113 98
209        107 121 101
210        121 116 101
211        114 126 107
212        126 121 107
213        124 133 114
214        133 126 114
215        130 141 124
216        141 133 124
217        139 148 130
218        148 141 130
219        147 154 139
220        154 148 139
221        106 118 105
222        118 117 105
223        109 122 106
224        122 118 106
225        113 125 109
226        125 122 109
227        116 127 113
228        127 125 113
229        121 132 116
230        132 127 116
231        126 137 121
232        137 132 121
233        133 142 126
234        142 137 126
235        141 151 133
236        151 142 133
237        148 157 141
238        157 151 141
239        154 164 148
240        164 157 148
241        118 134 117
242        134 131 117
243        122 135 118
244        135 134 118
245        125 136 122
246        136 135 122
247        127 140 125
248        140 136 125
249        132 143 127
250        143 140 127
251        137 149 132
252        149 143 132
253        142 153 137
254        153 149 137
255        151 161 142
256        161 153 142
257        157 166 151
258        166 161 151
259        164 174 157
260        174 166 157
261        134 145 131
262        145 144 131
263        135 146 134
264        146 145 134
265        136 150 135
266        150 146 135
267        140 152 136
268        152 150 136
269        143 155 140
270        155 152 140
271        149 160 143
272        160 155 143
273        153 165 149
274        165 160 149
275        161 170 153
276        170 165 153
277        166 177 161
278        177 170 161
279        174 184 166
280        184 177 166
281        145 158 144
282        158 156 144
283        146 159 145
284        159 158 145
285        150 162 146
286        162 159 146
287        152 163 150
288        163 162 150
289        155 167 152
290        167 163 152
291        160 172 155
292        172 167 155
293        165 176 160
294        176 172 160
295        170 180 165
296        180 176 165
297        177 188 170
298        188 180 170
299        184 193 177
300        193 188 177
301        158 169 156
302        169 168 156
303        159 171 158
304        171 169 158
305        162 173 159
306        173 171 159
307        163 175 162
308        175 173 162
309        167 178 163
310        178 175 163
311        172 182 167
312        182 178 167
313        176 186 172
314        186 182 172
315        180 190 176
316        190 186 176
317        188 197 180
318        197 190 180
319        193 202 188
320        202 197 188
321        169 181 168
322        181 179 168
323        171 183 169
324        183 181 169
325        173 185 171
326        185 183 171
327        175 187 173
328        187 185 173
329        178 189 175
330        189 187 175
331        182 194 178
332        194 189 178
333        186 198 182
334        198 194 182
335        190 201 186
336        201 198 186
337        197 207 190
338        207 201 190
339        202 213 197
340        213 207 197
341        181 192 179
342        192 191 179
343        183 195 181
344        195 192 181
345        185 196 183
346        196 195 183
347        187 199 185
348        199 196 185
349        189 200 187
350        200 199 187
351        194 203 189
352        203 200 189
353        198 209 194
354        209 203 194
355        201 212 198
356        212 209 198
357        207 218 201
358        218 212 201
359        213 222 207
360        222 218 207
361        192 205 191
362        205 204 191
363        195 206 192
364        206 205 192
365        196 208 195
366        208 206 195
367        199 210 196
368        210 208 196
369        200 211 199
370        211 210 199
371        203 214 200
372        214 211 200
373        209 220 203
374        220 214 203
375        212 223 209
376        223 220 209
377        218 226 212
378        226 223 212
379        222 228 218
380        228 226 218
381        205 216 204
382        216 215 204
383        206 217 205
384        217 216 205
385        208 219 206
386        219 217 206
387        210 221 208
388        221 219 208
389        211 224 210
390        224 221 210
391        214 225 211
392        225 224 211
393        220 227 214
394        227 225 214
395        223 229 220
396        229 227 220
397        226 230 223
398        230 229 223
399        228 231 226
400        231 230 226
