1         2.0 0.0 0.0
3         1.9 0.0 0.0
5         1.8 0.0 0.0
11         1.7 0.0 0.0
17         1.6 0.0 0.0
26         1.5 0.0 0.0
34         1.4 0.0 0.0
45         1.3 0.0 0.0
58         1.2 0.0 0.0
73         1.1 0.0 0.0
88         1.0 0.0 0.0
106         0.8999999999999999 0.0 0.0
123         0.8 0.0 0.0
145         0.7 0.0 0.0
168         0.6000000000000001 0.0 0.0
190         0.5 0.0 0.0
216         0.3999999999999999 0.0 0.0
241         0.30000000000000004 0.0 0.0
271         0.19999999999999996 0.0 0.0
301         0.10000000000000009 0.0 0.0
335         0.0 0.0 0.0
