1         2.0 0.0 0.0
2         2.0 0.10000000000000009 0.0
6         2.0 0.19999999999999996 0.0
10         2.0 0.30000000000000004 0.0
16         2.0 0.3999999999999999 0.0
25         2.0 0.5 0.0
35         2.0 0.6000000000000001 0.0
44         2.0 0.7 0.0
57         2.0 0.8 0.0
72         2.0 0.8999999999999999 0.0
87         2.0 1.0 0.0
105         2.0 1.1 0.0
122         2.0 1.2 0.0
144         2.0 1.3 0.0
167         2.0 1.4 0.0
191         2.0 1.5 0.0
215         2.0 1.6 0.0
240         2.0 1.7 0.0
270         2.0 1.8 0.0
302         2.0 1.9 0.0
332         2.0 2.0 0.0
335         0.0 0.0 0.0
336         0.0 0.1 0.0
339         0.0 0.2 0.0
343         0.0 0.3 0.0
348         0.0 0.4 0.0
354         0.0 0.5 0.0
363         0.0 0.6 0.0
368         0.0 0.7 0.0
377         0.0 0.8 0.0
383         0.0 0.9 0.0
392         0.0 1.0 0.0
401         0.0 1.1 0.0
405         0.0 1.2 0.0
413         0.0 1.3 0.0
419         0.0 1.4 0.0
426         0.0 1.5 0.0
430         0.0 1.6 0.0
435         0.0 1.7 0.0
438         0.0 1.8 0.0
439         0.0 1.9 0.0
441         0.0 2.0 0.0
