2007         1.62 0.0 0.0
2013         1.608 0.0 0.0
2017         1.596 0.0 0.0
2019         1.584 0.0 0.0
2026         1.572 0.0 0.0
2037         1.56 0.0 0.0
2047         1.548 0.0 0.0
2055         1.536 0.0 0.0
2067         1.524 0.0 0.0
2076         1.512 0.0 0.0
2087         1.5 0.0 0.0
2107         1.488 0.0 0.0
2121         1.476 0.0 0.0
2142         1.464 0.0 0.0
2158         1.452 0.0 0.0
2177         1.44 0.0 0.0
2202         1.428 0.0 0.0
2219         1.416 0.0 0.0
2239         1.404 0.0 0.0
2265         1.392 0.0 0.0
2289         1.38 0.0 0.0
2316         1.368 0.0 0.0
2341         1.356 0.0 0.0
2364         1.344 0.0 0.0
2393         1.332 0.0 0.0
2418         1.32 0.0 0.0
2450         1.308 0.0 0.0
2477         1.296 0.0 0.0
2510         1.284 0.0 0.0
2540         1.272 0.0 0.0
2574         1.26 0.0 0.0
2604         1.248 0.0 0.0
2633         1.236 0.0 0.0
2665         1.224 0.0 0.0
2706         1.212 0.0 0.0
2738         1.2 0.0 0.0
2772         1.188 0.0 0.0
2805         1.176 0.0 0.0
2840         1.164 0.0 0.0
2879         1.152 0.0 0.0
2914         1.14 0.0 0.0
2953         1.128 0.0 0.0
2990         1.116 0.0 0.0
3026         1.104 0.0 0.0
3064         1.092 0.0 0.0
3105         1.08 0.0 0.0
3138         1.068 0.0 0.0
3182         1.056 0.0 0.0
3219         1.044 0.0 0.0
3260         1.032 0.0 0.0
3299         1.02 0.0 0.0
3340         1.008 0.0 0.0
3382         0.996 0.0 0.0
3419         0.984 0.0 0.0
3463         0.972 0.0 0.0
3506         0.96 0.0 0.0
3545         0.948 0.0 0.0
3587         0.936 0.0 0.0
3631         0.924 0.0 0.0
3671         0.912 0.0 0.0
3714         0.9 0.0 0.0
3756         0.888 0.0 0.0
3801         0.876 0.0 0.0
3843         0.864 0.0 0.0
3886         0.852 0.0 0.0
3928         0.84 0.0 0.0
3972         0.828 0.0 0.0
4016         0.816 0.0 0.0
4061         0.804 0.0 0.0
4106         0.792 0.0 0.0
4149         0.78 0.0 0.0
4194         0.768 0.0 0.0
4235         0.756 0.0 0.0
4282         0.744 0.0 0.0
4329         0.732 0.0 0.0
4375         0.72 0.0 0.0
4415         0.708 0.0 0.0
4464         0.696 0.0 0.0
4506         0.684 0.0 0.0
4554         0.672 0.0 0.0
4597         0.66 0.0 0.0
4643         0.648 0.0 0.0
4689         0.636 0.0 0.0
4735         0.624 0.0 0.0
4783         0.612 0.0 0.0
4827         0.6 0.0 0.0
4877         0.588 0.0 0.0
4924         0.576 0.0 0.0
4969         0.564 0.0 0.0
5014         0.552 0.0 0.0
5059         0.54 0.0 0.0
5107         0.528 0.0 0.0
5154         0.516 0.0 0.0
5201         0.504 0.0 0.0
5247         0.492 0.0 0.0
5295         0.48 0.0 0.0
5342         0.468 0.0 0.0
5389         0.456 0.0 0.0
5432         0.444 0.0 0.0
5480         0.432 0.0 0.0
5528         0.42 0.0 0.0
5576         0.408 0.0 0.0
5624         0.396 0.0 0.0
5673         0.384 0.0 0.0
5719         0.372 0.0 0.0
5769         0.36 0.0 0.0
5816         0.348 0.0 0.0
5862         0.336 0.0 0.0
5908         0.324 0.0 0.0
5955         0.312 0.0 0.0
6004         0.3 0.0 0.0
6051         0.288 0.0 0.0
6101         0.276 0.0 0.0
6150         0.264 0.0 0.0
6199         0.252 0.0 0.0
6247         0.24 0.0 0.0
6296         0.228 0.0 0.0
6344         0.216 0.0 0.0
6392         0.204 0.0 0.0
6440         0.192 0.0 0.0
6483         0.18 0.0 0.0
6532         0.168 0.0 0.0
6581         0.156 0.0 0.0
6630         0.144 0.0 0.0
6680         0.132 0.0 0.0
6728         0.12 0.0 0.0
6778         0.108 0.0 0.0
6815         0.096 0.0 0.0
6845         0.084 0.0 0.0
6870         0.072 0.0 0.0
6889         0.06 0.0 0.0
6905         0.048 0.0 0.0
6918         0.036 0.0 0.0
6927         0.024 0.0 0.0
6933         0.012 0.0 0.0
6936         0.0 0.0 0.0
