1         1.62 0.6 0.0
2         1.62 0.588 0.0
5         1.62 0.576 0.0
10         1.62 0.564 0.0
16         1.62 0.552 0.0
24         1.62 0.54 0.0
34         1.62 0.528 0.0
44         1.62 0.516 0.0
57         1.62 0.504 0.0
72         1.62 0.492 0.0
87         1.62 0.48 0.0
105         1.62 0.468 0.0
122         1.62 0.456 0.0
144         1.62 0.444 0.0
168         1.62 0.432 0.0
191         1.62 0.42 0.0
215         1.62 0.408 0.0
241         1.62 0.396 0.0
270         1.62 0.384 0.0
301         1.62 0.372 0.0
332         1.62 0.36 0.0
364         1.62 0.348 0.0
401         1.62 0.336 0.0
436         1.62 0.324 0.0
472         1.62 0.312 0.0
512         1.62 0.3 0.0
554         1.62 0.288 0.0
599         1.62 0.276 0.0
641         1.62 0.264 0.0
685         1.62 0.252 0.0
734         1.62 0.24 0.0
782         1.62 0.228 0.0
834         1.62 0.216 0.0
886         1.62 0.204 0.0
941         1.62 0.192 0.0
997         1.62 0.18 0.0
1049         1.62 0.168 0.0
1108         1.62 0.156 0.0
1166         1.62 0.144 0.0
1232         1.62 0.132 0.0
1294         1.62 0.12 0.0
1355         1.62 0.108 0.0
1423         1.62 0.096 0.0
1490         1.62 0.084 0.0
1563         1.62 0.072 0.0
1635         1.62 0.06 0.0
1702         1.62 0.048 0.0
1777         1.62 0.036 0.0
1851         1.62 0.024 0.0
1930         1.62 0.012 0.0
2007         1.62 0.0 0.0
6745         0.0 0.6 0.0
6746         0.0 0.588 0.0
6747         0.0 0.576 0.0
6749         0.0 0.564 0.0
6751         0.0 0.552 0.0
6755         0.0 0.54 0.0
6756         0.0 0.528 0.0
6760         0.0 0.516 0.0
6763         0.0 0.504 0.0
6764         0.0 0.492 0.0
6771         0.0 0.48 0.0
6774         0.0 0.468 0.0
6777         0.0 0.456 0.0
6781         0.0 0.444 0.0
6786         0.0 0.432 0.0
6791         0.0 0.42 0.0
6794         0.0 0.408 0.0
6800         0.0 0.396 0.0
6805         0.0 0.384 0.0
6810         0.0 0.372 0.0
6814         0.0 0.36 0.0
6821         0.0 0.348 0.0
6825         0.0 0.336 0.0
6830         0.0 0.324 0.0
6837         0.0 0.312 0.0
6841         0.0 0.3 0.0
6846         0.0 0.288 0.0
6853         0.0 0.276 0.0
6856         0.0 0.264 0.0
6863         0.0 0.252 0.0
6868         0.0 0.24 0.0
6873         0.0 0.228 0.0
6877         0.0 0.216 0.0
6883         0.0 0.204 0.0
6888         0.0 0.192 0.0
6892         0.0 0.18 0.0
6896         0.0 0.168 0.0
6901         0.0 0.156 0.0
6906         0.0 0.144 0.0
6910         0.0 0.132 0.0
6914         0.0 0.12 0.0
6917         0.0 0.108 0.0
6920         0.0 0.096 0.0
6923         0.0 0.084 0.0
6925         0.0 0.072 0.0
6928         0.0 0.06 0.0
6930         0.0 0.048 0.0
6932         0.0 0.036 0.0
6934         0.0 0.024 0.0
6935         0.0 0.012 0.0
6936         0.0 0.0 0.0
