1         0.6 0.0 0.0
3         0.588 0.0 0.0
6         0.576 0.0 0.0
11         0.564 0.0 0.0
16         0.552 0.0 0.0
23         0.54 0.0 0.0
34         0.528 0.0 0.0
45         0.516 0.0 0.0
58         0.504 0.0 0.0
73         0.492 0.0 0.0
88         0.48 0.0 0.0
105         0.468 0.0 0.0
123         0.456 0.0 0.0
145         0.444 0.0 0.0
168         0.432 0.0 0.0
193         0.42 0.0 0.0
215         0.408 0.0 0.0
240         0.396 0.0 0.0
271         0.384 0.0 0.0
302         0.372 0.0 0.0
334         0.36 0.0 0.0
365         0.348 0.0 0.0
401         0.336 0.0 0.0
436         0.324 0.0 0.0
473         0.312 0.0 0.0
515         0.3 0.0 0.0
557         0.288 0.0 0.0
599         0.276 0.0 0.0
641         0.264 0.0 0.0
687         0.252 0.0 0.0
735         0.24 0.0 0.0
782         0.228 0.0 0.0
835         0.216 0.0 0.0
885         0.204 0.0 0.0
939         0.192 0.0 0.0
998         0.18 0.0 0.0
1050         0.168 0.0 0.0
1111         0.156 0.0 0.0
1167         0.144 0.0 0.0
1234         0.132 0.0 0.0
1297         0.12 0.0 0.0
1357         0.108 0.0 0.0
1424         0.096 0.0 0.0
1490         0.084 0.0 0.0
1563         0.072 0.0 0.0
1634         0.06 0.0 0.0
1702         0.048 0.0 0.0
1778         0.036 0.0 0.0
1852         0.024 0.0 0.0
1931         0.012 0.0 0.0
2010         0.0 0.0 0.0
