1         0.6 0.0 0.0
2         0.6 0.012 0.0
5         0.6 0.024 0.0
10         0.6 0.036 0.0
17         0.6 0.048 0.0
25         0.6 0.06 0.0
35         0.6 0.072 0.0
44         0.6 0.084 0.0
57         0.6 0.096 0.0
72         0.6 0.108 0.0
89         0.6 0.12 0.0
106         0.6 0.132 0.0
122         0.6 0.144 0.0
144         0.6 0.156 0.0
167         0.6 0.168 0.0
190         0.6 0.18 0.0
216         0.6 0.192 0.0
241         0.6 0.204 0.0
270         0.6 0.216 0.0
301         0.6 0.228 0.0
332         0.6 0.24 0.0
364         0.6 0.252 0.0
402         0.6 0.264 0.0
437         0.6 0.276 0.0
472         0.6 0.288 0.0
511         0.6 0.3 0.0
555         0.6 0.312 0.0
600         0.6 0.324 0.0
642         0.6 0.336 0.0
684         0.6 0.348 0.0
733         0.6 0.36 0.0
781         0.6 0.372 0.0
834         0.6 0.384 0.0
886         0.6 0.396 0.0
940         0.6 0.408 0.0
996         0.6 0.42 0.0
1049         0.6 0.432 0.0
1109         0.6 0.444 0.0
1166         0.6 0.456 0.0
1232         0.6 0.468 0.0
1294         0.6 0.48 0.0
1354         0.6 0.492 0.0
1423         0.6 0.504 0.0
1491         0.6 0.516 0.0
1564         0.6 0.528 0.0
1635         0.6 0.54 0.0
1703         0.6 0.552 0.0
1777         0.6 0.564 0.0
1851         0.6 0.576 0.0
1930         0.6 0.588 0.0
2007         0.6 0.6 0.0
2010         0.0 0.0 0.0
2014         0.0 0.012 0.0
2018         0.0 0.024 0.0
2021         0.0 0.036 0.0
2027         0.0 0.048 0.0
2039         0.0 0.06 0.0
2048         0.0 0.072 0.0
2056         0.0 0.084 0.0
2068         0.0 0.096 0.0
2078         0.0 0.108 0.0
2090         0.0 0.12 0.0
2103         0.0 0.132 0.0
2115         0.0 0.144 0.0
2135         0.0 0.156 0.0
2149         0.0 0.168 0.0
2161         0.0 0.18 0.0
2180         0.0 0.192 0.0
2196         0.0 0.204 0.0
2210         0.0 0.216 0.0
2228         0.0 0.228 0.0
2248         0.0 0.24 0.0
2265         0.0 0.252 0.0
2281         0.0 0.264 0.0
2297         0.0 0.276 0.0
2314         0.0 0.288 0.0
2332         0.0 0.3 0.0
2348         0.0 0.312 0.0
2365         0.0 0.324 0.0
2381         0.0 0.336 0.0
2398         0.0 0.348 0.0
2416         0.0 0.36 0.0
2432         0.0 0.372 0.0
2442         0.0 0.384 0.0
2459         0.0 0.396 0.0
2475         0.0 0.408 0.0
2488         0.0 0.42 0.0
2500         0.0 0.432 0.0
2510         0.0 0.444 0.0
2523         0.0 0.456 0.0
2535         0.0 0.468 0.0
2546         0.0 0.48 0.0
2556         0.0 0.492 0.0
2565         0.0 0.504 0.0
2573         0.0 0.516 0.0
2580         0.0 0.528 0.0
2586         0.0 0.54 0.0
2590         0.0 0.552 0.0
2595         0.0 0.564 0.0
2598         0.0 0.576 0.0
2599         0.0 0.588 0.0
2601         0.0 0.6 0.0
