2006
2012
2016
2018
2025
2036
2046
2054
2066
2075
2086
2106
2120
2141
2157
2176
2201
2218
2238
2264
2288
2315
2340
2363
2392
2417
2449
2476
2509
2539
2573
2603
2632
2664
2705
2737
2771
2804
2839
2878
2913
2952
2989
3025
3063
3104
3137
3181
3218
3259
3298
3339
3381
3418
3462
3505
3544
3586
3630
3670
3713
3755
3800
3842
3885
3927
3971
4015
4060
4105
4148
4193
4234
4281
4328
4374
4414
4463
4505
4553
4596
4642
4688
4734
4782
4826
4876
4923
4968
5013
5058
5106
5153
5200
5246
5294
5341
5388
5431
5479
5527
5575
5623
5672
5718
5768
5815
5861
5907
5954
6003
6050
6100
6149
6198
6246
6295
6343
6391
6439
6482
6531
6580
6629
6679
6727
6777
6814
6844
6869
6888
6904
6917
6926
6932
6935
