1        1931 1932 2014 2010
2        1852 1853 1932 1931
3        1778 1781 1853 1852
4        1702 1704 1781 1778
5        1634 1637 1704 1702
6        1563 1566 1637 1634
7        1490 1493 1566 1563
8        1424 1428 1493 1490
9        1357 1360 1428 1424
10        1297 1299 1360 1357
11        1234 1235 1299 1297
12        1167 1172 1235 1234
13        1111 1114 1172 1167
14        1050 1052 1114 1111
15        998 1001 1052 1050
16        939 944 1001 998
17        885 889 944 939
18        835 841 889 885
19        782 784 841 835
20        735 738 784 782
21        687 689 738 735
22        641 645 689 687
23        599 603 645 641
24        557 559 603 599
25        515 518 559 557
26        473 475 518 515
27        436 441 475 473
28        401 403 441 436
29        365 369 403 401
30        334 337 369 365
31        302 304 337 334
32        271 272 304 302
33        240 247 272 271
34        215 217 247 240
35        193 195 217 215
36        168 170 195 193
37        145 147 170 168
38        123 126 147 145
39        105 108 126 123
40        88 92 108 105
41        73 74 92 88
42        58 62 74 73
43        45 48 62 58
44        34 36 48 45
45        23 27 36 34
46        16 18 27 23
47        11 13 18 16
48        6 8 13 11
49        3 4 8 6
50        1 2 4 3
51        1932 1941 2018 2014
52        1853 1860 1941 1932
53        1781 1788 1860 1853
54        1704 1709 1788 1781
55        1637 1639 1709 1704
56        1566 1570 1639 1637
57        1493 1499 1570 1566
58        1428 1432 1499 1493
59        1360 1366 1432 1428
60        1299 1303 1366 1360
61        1235 1241 1303 1299
62        1172 1175 1241 1235
63        1114 1117 1175 1172
64        1052 1056 1117 1114
65        1001 1003 1056 1052
66        944 947 1003 1001
67        889 891 947 944
68        841 843 891 889
69        784 790 843 841
70        738 742 790 784
71        689 695 742 738
72        645 647 695 689
73        603 606 647 645
74        559 563 606 603
75        518 524 563 559
76        475 481 524 518
77        441 444 481 475
78        403 407 444 441
79        369 373 407 403
80        337 339 373 369
81        304 306 339 337
82        272 279 306 304
83        247 251 279 272
84        217 219 251 247
85        195 197 219 217
86        170 173 197 195
87        147 151 173 170
88        126 131 151 147
89        108 111 131 126
90        92 94 111 108
91        74 77 94 92
92        62 64 77 74
93        48 52 64 62
94        36 38 52 48
95        27 29 38 36
96        18 21 29 27
97        13 15 21 18
98        8 9 15 13
99        4 7 9 8
100        2 5 7 4
101        1941 1947 2021 2018
102        1860 1867 1947 1941
103        1788 1792 1867 1860
104        1709 1719 1792 1788
105        1639 1641 1719 1709
106        1570 1574 1641 1639
107        1499 1504 1574 1570
108        1432 1438 1504 1499
109        1366 1371 1438 1432
110        1303 1304 1371 1366
111        1241 1245 1304 1303
112        1175 1183 1245 1241
113        1117 1121 1183 1175
114        1056 1062 1121 1117
115        1003 1007 1062 1056
116        947 951 1007 1003
117        891 897 951 947
118        843 845 897 891
119        790 795 845 843
120        742 748 795 790
121        695 703 748 742
122        647 651 703 695
123        606 607 651 647
124        563 567 607 606
125        524 526 567 563
126        481 487 526 524
127        444 446 487 481
128        407 412 446 444
129        373 378 412 407
130        339 343 378 373
131        306 312 343 339
132        279 280 312 306
133        251 254 280 279
134        219 225 254 251
135        197 203 225 219
136        173 177 203 197
137        151 153 177 173
138        131 135 153 151
139        111 117 135 131
140        94 98 117 111
141        77 82 98 94
142        64 67 82 77
143        52 54 67 64
144        38 42 54 52
145        29 32 42 38
146        21 24 32 29
147        15 20 24 21
148        9 14 20 15
149        7 12 14 9
150        5 10 12 7
151        1947 1949 2027 2021
152        1867 1873 1949 1947
153        1792 1797 1873 1867
154        1719 1724 1797 1792
155        1641 1645 1724 1719
156        1574 1579 1645 1641
157        1504 1510 1579 1574
158        1438 1444 1510 1504
159        1371 1378 1444 1438
160        1304 1308 1378 1371
161        1245 1250 1308 1304
162        1183 1187 1250 1245
163        1121 1130 1187 1183
164        1062 1068 1130 1121
165        1007 1010 1068 1062
166        951 961 1010 1007
167        897 902 961 951
168        845 853 902 897
169        795 801 853 845
170        748 752 801 795
171        703 707 752 748
172        651 658 707 703
173        607 615 658 651
174        567 573 615 607
175        526 532 573 567
176        487 491 532 526
177        446 452 491 487
178        412 415 452 446
179        378 382 415 412
180        343 348 382 378
181        312 319 348 343
182        280 289 319 312
183        254 258 289 280
184        225 232 258 254
185        203 205 232 225
186        177 183 205 203
187        153 159 183 177
188        135 139 159 153
189        117 121 139 135
190        98 102 121 117
191        82 85 102 98
192        67 71 85 82
193        54 61 71 67
194        42 49 61 54
195        32 40 49 42
196        24 31 40 32
197        20 26 31 24
198        14 22 26 20
199        12 19 22 14
200        10 17 19 12
201        1949 1960 2039 2027
202        1873 1877 1960 1949
203        1797 1804 1877 1873
204        1724 1732 1804 1797
205        1645 1656 1732 1724
206        1579 1585 1656 1645
207        1510 1518 1585 1579
208        1444 1449 1518 1510
209        1378 1386 1449 1444
210        1308 1321 1386 1378
211        1250 1255 1321 1308
212        1187 1197 1255 1250
213        1130 1135 1197 1187
214        1068 1076 1135 1130
215        1010 1020 1076 1068
216        961 963 1020 1010
217        902 911 963 961
218        853 859 911 902
219        801 813 859 853
220        752 756 813 801
221        707 713 756 752
222        658 667 713 707
223        615 621 667 658
224        573 581 621 615
225        532 539 581 573
226        491 498 539 532
227        452 461 498 491
228        415 424 461 452
229        382 390 424 415
230        348 359 390 382
231        319 322 359 348
232        289 294 322 319
233        258 265 294 289
234        232 238 265 258
235        205 214 238 232
236        183 189 214 205
237        159 166 189 183
238        139 146 166 159
239        121 129 146 139
240        102 112 129 121
241        85 96 112 102
242        71 81 96 85
243        61 69 81 71
244        49 56 69 61
245        40 47 56 49
246        31 41 47 40
247        26 33 41 31
248        22 30 33 26
249        19 28 30 22
250        17 25 28 19
251        1960 1964 2048 2039
252        1877 1891 1964 1960
253        1804 1809 1891 1877
254        1732 1738 1809 1804
255        1656 1669 1738 1732
256        1585 1596 1669 1656
257        1518 1524 1596 1585
258        1449 1453 1524 1518
259        1386 1393 1453 1449
260        1321 1327 1393 1386
261        1255 1266 1327 1321
262        1197 1204 1266 1255
263        1135 1143 1204 1197
264        1076 1086 1143 1135
265        1020 1032 1086 1076
266        963 973 1032 1020
267        911 919 973 963
268        859 864 919 911
269        813 815 864 859
270        756 767 815 813
271        713 719 767 756
272        667 675 719 713
273        621 629 675 667
274        581 587 629 621
275        539 547 587 581
276        498 506 547 539
277        461 469 506 498
278        424 431 469 461
279        390 394 431 424
280        359 363 394 390
281        322 331 363 359
282        294 300 331 322
283        265 277 300 294
284        238 249 277 265
285        214 224 249 238
286        189 199 224 214
287        166 179 199 189
288        146 156 179 166
289        129 137 156 146
290        112 119 137 129
291        96 104 119 112
292        81 90 104 96
293        69 79 90 81
294        56 65 79 69
295        47 55 65 56
296        41 50 55 47
297        33 43 50 41
298        30 39 43 33
299        28 37 39 30
300        25 35 37 28
301        1964 1975 2056 2048
302        1891 1901 1975 1964
303        1809 1826 1901 1891
304        1738 1746 1826 1809
305        1669 1674 1746 1738
306        1596 1602 1674 1669
307        1524 1534 1602 1596
308        1453 1471 1534 1524
309        1393 1400 1471 1453
310        1327 1336 1400 1393
311        1266 1273 1336 1327
312        1204 1216 1273 1266
313        1143 1155 1216 1204
314        1086 1091 1155 1143
315        1032 1036 1091 1086
316        973 982 1036 1032
317        919 927 982 973
318        864 878 927 919
319        815 823 878 864
320        767 775 823 815
321        719 730 775 767
322        675 682 730 719
323        629 639 682 675
324        587 596 639 629
325        547 553 596 587
326        506 514 553 547
327        469 476 514 506
328        431 442 476 469
329        394 410 442 431
330        363 375 410 394
331        331 344 375 363
332        300 316 344 331
333        277 286 316 300
334        249 257 286 277
335        224 234 257 249
336        199 209 234 224
337        179 184 209 199
338        156 163 184 179
339        137 150 163 156
340        119 132 150 137
341        104 114 132 119
342        90 100 114 104
343        79 86 100 90
344        65 76 86 79
345        55 68 76 65
346        50 59 68 55
347        43 53 59 50
348        39 51 53 43
349        37 46 51 39
350        35 44 46 37
351        1975 1987 2068 2056
352        1901 1906 1987 1975
353        1826 1833 1906 1901
354        1746 1759 1833 1826
355        1674 1688 1759 1746
356        1602 1616 1688 1674
357        1534 1544 1616 1602
358        1471 1481 1544 1534
359        1400 1413 1481 1471
360        1336 1344 1413 1400
361        1273 1283 1344 1336
362        1216 1220 1283 1273
363        1155 1163 1220 1216
364        1091 1103 1163 1155
365        1036 1048 1103 1091
366        982 992 1048 1036
367        927 934 992 982
368        878 884 934 927
369        823 839 884 878
370        775 788 839 823
371        730 746 788 775
372        682 697 746 730
373        639 650 697 682
374        596 611 650 639
375        553 571 611 596
376        514 530 571 553
377        476 494 530 514
378        442 456 494 476
379        410 422 456 442
380        375 387 422 410
381        344 354 387 375
382        316 323 354 344
383        286 295 323 316
384        257 268 295 286
385        234 242 268 257
386        209 221 242 234
387        184 200 221 209
388        163 181 200 184
389        150 162 181 163
390        132 141 162 150
391        114 124 141 132
392        100 113 124 114
393        86 99 113 100
394        76 87 99 86
395        68 80 87 76
396        59 70 80 68
397        53 66 70 59
398        51 63 66 53
399        46 60 63 51
400        44 57 60 46
401        1987 2001 2078 2068
402        1906 1922 2001 1987
403        1833 1845 1922 1906
404        1759 1771 1845 1833
405        1688 1699 1771 1759
406        1616 1625 1699 1688
407        1544 1559 1625 1616
408        1481 1487 1559 1544
409        1413 1422 1487 1481
410        1344 1355 1422 1413
411        1283 1301 1355 1344
412        1220 1242 1301 1283
413        1163 1181 1242 1220
414        1103 1119 1181 1163
415        1048 1066 1119 1103
416        992 1009 1066 1048
417        934 957 1009 992
418        884 905 957 934
419        839 855 905 884
420        788 805 855 839
421        746 754 805 788
422        697 709 754 746
423        650 669 709 697
424        611 624 669 650
425        571 583 624 611
426        530 545 583 571
427        494 502 545 530
428        456 466 502 494
429        422 435 466 456
430        387 397 435 422
431        354 367 397 387
432        323 341 367 354
433        295 314 341 323
434        268 283 314 295
435        242 261 283 268
436        221 236 261 242
437        200 211 236 221
438        181 192 211 200
439        162 175 192 181
440        141 157 175 162
441        124 140 157 141
442        113 127 140 124
443        99 115 127 113
444        87 103 115 99
445        80 95 103 87
446        70 84 95 80
447        66 83 84 70
448        63 78 83 66
449        60 75 78 63
450        57 72 75 60
451        2001 2016 2090 2078
452        1922 1934 2016 2001
453        1845 1862 1934 1922
454        1771 1790 1862 1845
455        1699 1715 1790 1771
456        1625 1643 1715 1699
457        1559 1577 1643 1625
458        1487 1508 1577 1559
459        1422 1448 1508 1487
460        1355 1382 1448 1422
461        1301 1315 1382 1355
462        1242 1254 1315 1301
463        1181 1198 1254 1242
464        1119 1137 1198 1181
465        1066 1082 1137 1119
466        1009 1024 1082 1066
467        957 968 1024 1009
468        905 916 968 957
469        855 868 916 905
470        805 817 868 855
471        754 772 817 805
472        709 724 772 754
473        669 678 724 709
474        624 638 678 669
475        583 597 638 624
476        545 556 597 583
477        502 521 556 545
478        466 483 521 502
479        435 449 483 466
480        397 417 449 435
481        367 386 417 397
482        341 352 386 367
483        314 326 352 341
484        283 297 326 314
485        261 273 297 283
486        236 252 273 261
487        211 229 252 236
488        192 207 229 211
489        175 186 207 192
490        157 171 186 175
491        140 158 171 157
492        127 142 158 140
493        115 133 142 127
494        103 118 133 115
495        95 109 118 103
496        84 101 109 95
497        83 97 101 84
498        78 93 97 83
499        75 91 93 78
500        72 89 91 75
501        2016 2033 2103 2090
502        1934 1957 2033 2016
503        1862 1881 1957 1934
504        1790 1806 1881 1862
505        1715 1735 1806 1790
506        1643 1666 1735 1715
507        1577 1592 1666 1643
508        1508 1527 1592 1577
509        1448 1461 1527 1508
510        1382 1395 1461 1448
511        1315 1335 1395 1382
512        1254 1269 1335 1315
513        1198 1212 1269 1254
514        1137 1151 1212 1198
515        1082 1094 1151 1137
516        1024 1038 1094 1082
517        968 984 1038 1024
518        916 932 984 968
519        868 882 932 916
520        817 833 882 868
521        772 786 833 817
522        724 743 786 772
523        678 698 743 724
524        638 656 698 678
525        597 617 656 638
526        556 574 617 597
527        521 535 574 556
528        483 499 535 521
529        449 464 499 483
530        417 432 464 449
531        386 400 432 417
532        352 370 400 386
533        326 347 370 352
534        297 317 347 326
535        273 291 317 297
536        252 266 291 273
537        229 244 266 252
538        207 227 244 229
539        186 206 227 207
540        171 188 206 186
541        158 174 188 171
542        142 161 174 158
543        133 149 161 142
544        118 136 149 133
545        109 128 136 118
546        101 120 128 109
547        97 116 120 101
548        93 110 116 97
549        91 107 110 93
550        89 106 107 91
551        2033 2050 2115 2103
552        1957 1973 2050 2033
553        1881 1900 1973 1957
554        1806 1827 1900 1881
555        1735 1750 1827 1806
556        1666 1679 1750 1735
557        1592 1609 1679 1666
558        1527 1543 1609 1592
559        1461 1479 1543 1527
560        1395 1409 1479 1461
561        1335 1348 1409 1395
562        1269 1289 1348 1335
563        1212 1222 1289 1269
564        1151 1165 1222 1212
565        1094 1110 1165 1151
566        1038 1058 1110 1094
567        984 1005 1058 1038
568        932 955 1005 984
569        882 903 955 932
570        833 857 903 882
571        786 808 857 833
572        743 761 808 786
573        698 716 761 743
574        656 674 716 698
575        617 632 674 656
576        574 589 632 617
577        535 550 589 574
578        499 519 550 535
579        464 488 519 499
580        432 451 488 464
581        400 419 451 432
582        370 391 419 400
583        347 361 391 370
584        317 333 361 347
585        291 310 333 317
586        266 290 310 291
587        244 262 290 266
588        227 239 262 244
589        206 226 239 227
590        188 208 226 206
591        174 191 208 188
592        161 180 191 174
593        149 164 180 161
594        136 155 164 149
595        128 143 155 136
596        120 138 143 128
597        116 134 138 120
598        110 130 134 116
599        107 125 130 110
600        106 122 125 107
601        2050 2071 2135 2115
602        1973 1994 2071 2050
603        1900 1914 1994 1973
604        1827 1840 1914 1900
605        1750 1768 1840 1827
606        1679 1694 1768 1750
607        1609 1628 1694 1679
608        1543 1561 1628 1609
609        1479 1497 1561 1543
610        1409 1434 1497 1479
611        1348 1370 1434 1409
612        1289 1307 1370 1348
613        1222 1252 1307 1289
614        1165 1191 1252 1222
615        1110 1134 1191 1165
616        1058 1083 1134 1110
617        1005 1026 1083 1058
618        955 975 1026 1005
619        903 924 975 955
620        857 874 924 903
621        808 825 874 857
622        761 778 825 808
623        716 731 778 761
624        674 693 731 716
625        632 654 693 674
626        589 616 654 632
627        550 579 616 589
628        519 540 579 550
629        488 504 540 519
630        451 471 504 488
631        419 439 471 451
632        391 413 439 419
633        361 383 413 391
634        333 357 383 361
635        310 329 357 333
636        290 308 329 310
637        262 284 308 290
638        239 263 284 262
639        226 245 263 239
640        208 230 245 226
641        191 212 230 208
642        180 201 212 191
643        164 185 201 180
644        155 176 185 164
645        143 165 176 155
646        138 160 165 143
647        134 154 160 138
648        130 152 154 134
649        125 148 152 130
650        122 144 148 125
651        2071 2085 2149 2135
652        1994 2009 2085 2071
653        1914 1938 2009 1994
654        1840 1863 1938 1914
655        1768 1793 1863 1840
656        1694 1726 1793 1768
657        1628 1652 1726 1694
658        1561 1584 1652 1628
659        1497 1521 1584 1561
660        1434 1451 1521 1497
661        1370 1394 1451 1434
662        1307 1333 1394 1370
663        1252 1270 1333 1307
664        1191 1213 1270 1252
665        1134 1157 1213 1191
666        1083 1098 1157 1134
667        1026 1043 1098 1083
668        975 993 1043 1026
669        924 945 993 975
670        874 893 945 924
671        825 849 893 874
672        778 802 849 825
673        731 758 802 778
674        693 715 758 731
675        654 677 715 693
676        616 634 677 654
677        579 594 634 616
678        540 560 594 579
679        504 528 560 540
680        471 496 528 504
681        439 463 496 471
682        413 429 463 439
683        383 404 429 413
684        357 379 404 383
685        329 351 379 357
686        308 327 351 329
687        284 307 327 308
688        263 288 307 284
689        245 267 288 263
690        230 253 267 245
691        212 235 253 230
692        201 220 235 212
693        185 210 220 201
694        176 198 210 185
695        165 187 198 176
696        160 182 187 165
697        154 178 182 160
698        152 172 178 154
699        148 169 172 152
700        144 167 169 148
701        2085 2106 2161 2149
702        2009 2042 2106 2085
703        1938 1963 2042 2009
704        1863 1892 1963 1938
705        1793 1817 1892 1863
706        1726 1743 1817 1793
707        1652 1675 1743 1726
708        1584 1605 1675 1652
709        1521 1541 1605 1584
710        1451 1475 1541 1521
711        1394 1416 1475 1451
712        1333 1353 1416 1394
713        1270 1291 1353 1333
714        1213 1233 1291 1270
715        1157 1178 1233 1213
716        1098 1125 1178 1157
717        1043 1073 1125 1098
718        993 1015 1073 1043
719        945 966 1015 993
720        893 917 966 945
721        849 872 917 893
722        802 821 872 849
723        758 779 821 802
724        715 739 779 758
725        677 702 739 715
726        634 660 702 677
727        594 619 660 634
728        560 584 619 594
729        528 548 584 560
730        496 512 548 528
731        463 489 512 496
732        429 458 489 463
733        404 426 458 429
734        379 396 426 404
735        351 377 396 379
736        327 350 377 351
737        307 328 350 327
738        288 309 328 307
739        267 292 309 288
740        253 274 292 267
741        235 260 274 253
742        220 243 260 235
743        210 233 243 220
744        198 223 233 210
745        187 213 223 198
746        182 204 213 187
747        178 202 204 182
748        172 196 202 178
749        169 194 196 172
750        167 190 194 169
751        2106 2122 2180 2161
752        2042 2061 2122 2106
753        1963 1984 2061 2042
754        1892 1909 1984 1963
755        1817 1837 1909 1892
756        1743 1766 1837 1817
757        1675 1695 1766 1743
758        1605 1630 1695 1675
759        1541 1568 1630 1605
760        1475 1503 1568 1541
761        1416 1440 1503 1475
762        1353 1380 1440 1416
763        1291 1319 1380 1353
764        1233 1260 1319 1291
765        1178 1205 1260 1233
766        1125 1146 1205 1178
767        1073 1090 1146 1125
768        1015 1039 1090 1073
769        966 988 1039 1015
770        917 938 988 966
771        872 895 938 917
772        821 850 895 872
773        779 806 850 821
774        739 765 806 779
775        702 720 765 739
776        660 680 720 702
777        619 644 680 660
778        584 609 644 619
779        548 575 609 584
780        512 542 575 548
781        489 509 542 512
782        458 482 509 489
783        426 453 482 458
784        396 425 453 426
785        377 398 425 396
786        350 380 398 377
787        328 356 380 350
788        309 335 356 328
789        292 320 335 309
790        274 298 320 292
791        260 282 298 274
792        243 269 282 260
793        233 259 269 243
794        223 248 259 233
795        213 237 248 223
796        204 231 237 213
797        202 228 231 204
798        196 222 228 202
799        194 218 222 196
800        190 216 218 194
801        2122 2142 2196 2180
802        2061 2081 2142 2122
803        1984 2006 2081 2061
804        1909 1943 2006 1984
805        1837 1868 1943 1909
806        1766 1800 1868 1837
807        1695 1730 1800 1766
808        1630 1662 1730 1695
809        1568 1593 1662 1630
810        1503 1533 1593 1568
811        1440 1468 1533 1503
812        1380 1403 1468 1440
813        1319 1342 1403 1380
814        1260 1281 1342 1319
815        1205 1226 1281 1260
816        1146 1170 1226 1205
817        1090 1122 1170 1146
818        1039 1071 1122 1090
819        988 1017 1071 1039
820        938 969 1017 988
821        895 926 969 938
822        850 876 926 895
823        806 830 876 850
824        765 791 830 806
825        720 749 791 765
826        680 711 749 720
827        644 670 711 680
828        609 635 670 644
829        575 601 635 609
830        542 569 601 575
831        509 534 569 542
832        482 507 534 509
833        453 477 507 482
834        425 454 477 453
835        398 427 454 425
836        380 405 427 398
837        356 384 405 380
838        335 360 384 356
839        320 346 360 335
840        298 325 346 320
841        282 313 325 298
842        269 296 313 282
843        259 285 296 269
844        248 275 285 259
845        237 264 275 248
846        231 256 264 237
847        228 255 256 231
848        222 250 255 228
849        218 246 250 222
850        216 241 246 218
851        2142 2162 2210 2196
852        2081 2109 2162 2142
853        2006 2043 2109 2081
854        1943 1969 2043 2006
855        1868 1896 1969 1943
856        1800 1830 1896 1868
857        1730 1754 1830 1800
858        1662 1687 1754 1730
859        1593 1621 1687 1662
860        1533 1553 1621 1593
861        1468 1489 1553 1533
862        1403 1430 1489 1468
863        1342 1374 1430 1403
864        1281 1313 1374 1342
865        1226 1258 1313 1281
866        1170 1203 1258 1226
867        1122 1148 1203 1170
868        1071 1096 1148 1122
869        1017 1044 1096 1071
870        969 995 1044 1017
871        926 953 995 969
872        876 907 953 926
873        830 860 907 876
874        791 818 860 830
875        749 776 818 791
876        711 736 776 749
877        670 704 736 711
878        635 664 704 670
879        601 630 664 635
880        569 591 630 601
881        534 564 591 569
882        507 533 564 534
883        477 508 533 507
884        454 480 508 477
885        427 459 480 454
886        405 430 459 427
887        384 411 430 405
888        360 392 411 384
889        346 372 392 360
890        325 353 372 346
891        313 340 353 325
892        296 324 340 313
893        285 315 324 296
894        275 299 315 285
895        264 293 299 275
896        256 287 293 264
897        255 281 287 256
898        250 278 281 255
899        246 276 278 250
900        241 270 276 246
901        2162 2184 2228 2210
902        2109 2128 2184 2162
903        2043 2070 2128 2109
904        1969 1998 2070 2043
905        1896 1924 1998 1969
906        1830 1850 1924 1896
907        1754 1782 1850 1830
908        1687 1716 1782 1754
909        1621 1650 1716 1687
910        1553 1587 1650 1621
911        1489 1523 1587 1553
912        1430 1463 1523 1489
913        1374 1399 1463 1430
914        1313 1341 1399 1374
915        1258 1285 1341 1313
916        1203 1229 1285 1258
917        1148 1179 1229 1203
918        1096 1131 1179 1148
919        1044 1078 1131 1096
920        995 1031 1078 1044
921        953 979 1031 995
922        907 929 979 953
923        860 887 929 907
924        818 846 887 860
925        776 811 846 818
926        736 769 811 776
927        704 728 769 736
928        664 690 728 704
929        630 663 690 664
930        591 626 663 630
931        564 590 626 591
932        533 565 590 564
933        508 537 565 533
934        480 510 537 508
935        459 490 510 480
936        430 462 490 459
937        411 438 462 430
938        392 420 438 411
939        372 399 420 392
940        353 385 399 372
941        340 366 385 353
942        324 355 366 340
943        315 345 355 324
944        299 330 345 315
945        293 321 330 299
946        287 318 321 293
947        281 311 318 287
948        278 305 311 281
949        276 303 305 278
950        270 301 303 276
951        2184 2199 2248 2228
952        2128 2153 2199 2184
953        2070 2097 2153 2128
954        1998 2028 2097 2070
955        1924 1955 2028 1998
956        1850 1887 1955 1924
957        1782 1813 1887 1850
958        1716 1744 1813 1782
959        1650 1683 1744 1716
960        1587 1617 1683 1650
961        1523 1549 1617 1587
962        1463 1485 1549 1523
963        1399 1435 1485 1463
964        1341 1376 1435 1399
965        1285 1320 1376 1341
966        1229 1264 1320 1285
967        1179 1208 1264 1229
968        1131 1159 1208 1179
969        1078 1107 1159 1131
970        1031 1057 1107 1078
971        979 1013 1057 1031
972        929 965 1013 979
973        887 921 965 929
974        846 879 921 887
975        811 836 879 846
976        769 798 836 811
977        728 763 798 769
978        690 723 763 728
979        663 685 723 690
980        626 659 685 663
981        590 625 659 626
982        565 592 625 590
983        537 570 592 565
984        510 543 570 537
985        490 516 543 510
986        462 495 516 490
987        438 470 495 462
988        420 450 470 438
989        399 433 450 420
990        385 416 433 399
991        366 395 416 385
992        355 388 395 366
993        345 374 388 355
994        330 362 374 345
995        321 358 362 330
996        318 349 358 321
997        311 342 349 318
998        305 338 342 311
999        303 336 338 305
1000        301 332 336 303
1001        2199 2222 2265 2248
1002        2153 2172 2222 2199
1003        2097 2119 2172 2153
1004        2028 2060 2119 2097
1005        1955 1989 2060 2028
1006        1887 1910 1989 1955
1007        1813 1843 1910 1887
1008        1744 1775 1843 1813
1009        1683 1713 1775 1744
1010        1617 1648 1713 1683
1011        1549 1590 1648 1617
1012        1485 1528 1590 1549
1013        1435 1469 1528 1485
1014        1376 1406 1469 1435
1015        1320 1351 1406 1376
1016        1264 1293 1351 1320
1017        1208 1246 1293 1264
1018        1159 1192 1246 1208
1019        1107 1139 1192 1159
1020        1057 1088 1139 1107
1021        1013 1042 1088 1057
1022        965 999 1042 1013
1023        921 956 999 965
1024        879 913 956 921
1025        836 871 913 879
1026        798 829 871 836
1027        763 796 829 798
1028        723 757 796 763
1029        685 722 757 723
1030        659 686 722 685
1031        625 662 686 659
1032        592 627 662 625
1033        570 604 627 592
1034        543 577 604 570
1035        516 549 577 543
1036        495 527 549 516
1037        470 503 527 495
1038        450 485 503 470
1039        433 465 485 450
1040        416 448 465 433
1041        395 434 448 416
1042        388 421 434 395
1043        374 409 421 388
1044        362 393 409 374
1045        358 389 393 362
1046        349 381 389 358
1047        342 376 381 349
1048        338 371 376 342
1049        336 368 371 338
1050        332 364 368 336
1051        2222 2238 2281 2265
1052        2172 2193 2238 2222
1053        2119 2147 2193 2172
1054        2060 2091 2147 2119
1055        1989 2022 2091 2060
1056        1910 1951 2022 1989
1057        1843 1884 1951 1910
1058        1775 1811 1884 1843
1059        1713 1749 1811 1775
1060        1648 1684 1749 1713
1061        1590 1622 1684 1648
1062        1528 1556 1622 1590
1063        1469 1500 1556 1528
1064        1406 1442 1500 1469
1065        1351 1387 1442 1406
1066        1293 1332 1387 1351
1067        1246 1276 1332 1293
1068        1192 1219 1276 1246
1069        1139 1171 1219 1192
1070        1088 1127 1171 1139
1071        1042 1084 1127 1088
1072        999 1033 1084 1042
1073        956 986 1033 999
1074        913 948 986 956
1075        871 910 948 913
1076        829 865 910 871
1077        796 826 865 829
1078        757 793 826 796
1079        722 759 793 757
1080        686 725 759 722
1081        662 692 725 686
1082        627 665 692 662
1083        604 636 665 627
1084        577 612 636 604
1085        549 585 612 577
1086        527 562 585 549
1087        503 541 562 527
1088        485 520 541 503
1089        465 500 520 485
1090        448 484 500 465
1091        434 467 484 448
1092        421 457 467 434
1093        409 443 457 421
1094        393 428 443 409
1095        389 423 428 393
1096        381 418 423 389
1097        376 414 418 381
1098        371 408 414 376
1099        368 406 408 371
1100        364 402 406 368
1101        2238 2258 2297 2281
1102        2193 2213 2258 2238
1103        2147 2166 2213 2193
1104        2091 2117 2166 2147
1105        2022 2057 2117 2091
1106        1951 1988 2057 2022
1107        1884 1913 1988 1951
1108        1811 1848 1913 1884
1109        1749 1783 1848 1811
1110        1684 1722 1783 1749
1111        1622 1657 1722 1684
1112        1556 1600 1657 1622
1113        1500 1537 1600 1556
1114        1442 1476 1537 1500
1115        1387 1419 1476 1442
1116        1332 1364 1419 1387
1117        1276 1310 1364 1332
1118        1219 1261 1310 1276
1119        1171 1210 1261 1219
1120        1127 1160 1210 1171
1121        1084 1115 1160 1127
1122        1033 1069 1115 1084
1123        986 1025 1069 1033
1124        948 980 1025 986
1125        910 936 980 948
1126        865 904 936 910
1127        826 862 904 865
1128        793 827 862 826
1129        759 797 827 793
1130        725 764 797 759
1131        692 729 764 725
1132        665 705 729 692
1133        636 671 705 665
1134        612 646 671 636
1135        585 622 646 612
1136        562 598 622 585
1137        541 578 598 562
1138        520 551 578 541
1139        500 538 551 520
1140        484 522 538 500
1141        467 501 522 484
1142        457 493 501 467
1143        443 478 493 457
1144        428 468 478 443
1145        423 460 468 428
1146        418 455 460 423
1147        414 447 455 418
1148        408 445 447 414
1149        406 440 445 408
1150        402 437 440 406
1151        2258 2277 2314 2297
1152        2213 2234 2277 2258
1153        2166 2190 2234 2213
1154        2117 2145 2190 2166
1155        2057 2092 2145 2117
1156        1988 2024 2092 2057
1157        1913 1954 2024 1988
1158        1848 1890 1954 1913
1159        1783 1822 1890 1848
1160        1722 1757 1822 1783
1161        1657 1691 1757 1722
1162        1600 1632 1691 1657
1163        1537 1575 1632 1600
1164        1476 1515 1575 1537
1165        1419 1456 1515 1476
1166        1364 1402 1456 1419
1167        1310 1347 1402 1364
1168        1261 1296 1347 1310
1169        1210 1248 1296 1261
1170        1160 1200 1248 1210
1171        1115 1153 1200 1160
1172        1069 1104 1153 1115
1173        1025 1063 1104 1069
1174        980 1022 1063 1025
1175        936 976 1022 980
1176        904 933 976 936
1177        862 900 933 904
1178        827 863 900 862
1179        797 828 863 827
1180        764 799 828 797
1181        729 770 799 764
1182        705 734 770 729
1183        671 710 734 705
1184        646 681 710 671
1185        622 661 681 646
1186        598 633 661 622
1187        578 613 633 598
1188        551 588 613 578
1189        538 576 588 551
1190        522 554 576 538
1191        501 544 554 522
1192        493 529 544 501
1193        478 513 529 493
1194        468 505 513 478
1195        460 497 505 468
1196        455 492 497 460
1197        447 486 492 455
1198        445 479 486 447
1199        440 474 479 445
1200        437 472 474 440
1201        2277 2294 2332 2314
1202        2234 2257 2294 2277
1203        2190 2216 2257 2234
1204        2145 2170 2216 2190
1205        2092 2121 2170 2145
1206        2024 2065 2121 2092
1207        1954 1995 2065 2024
1208        1890 1926 1995 1954
1209        1822 1858 1926 1890
1210        1757 1799 1858 1822
1211        1691 1736 1799 1757
1212        1632 1673 1736 1691
1213        1575 1612 1673 1632
1214        1515 1548 1612 1575
1215        1456 1496 1548 1515
1216        1402 1446 1496 1456
1217        1347 1390 1446 1402
1218        1296 1337 1390 1347
1219        1248 1286 1337 1296
1220        1200 1239 1286 1248
1221        1153 1194 1239 1200
1222        1104 1145 1194 1153
1223        1063 1100 1145 1104
1224        1022 1059 1100 1063
1225        976 1018 1059 1022
1226        933 977 1018 976
1227        900 937 977 933
1228        863 909 937 900
1229        828 870 909 863
1230        799 837 870 828
1231        770 812 837 799
1232        734 774 812 770
1233        710 750 774 734
1234        681 721 750 710
1235        661 699 721 681
1236        633 676 699 661
1237        613 653 676 633
1238        588 631 653 613
1239        576 618 631 588
1240        554 593 618 576
1241        544 582 593 554
1242        529 568 582 544
1243        513 552 568 529
1244        505 546 552 513
1245        497 536 546 505
1246        492 531 536 497
1247        486 525 531 492
1248        479 523 525 486
1249        474 517 523 479
1250        472 511 517 474
1251        2294 2317 2348 2332
1252        2257 2279 2317 2294
1253        2216 2237 2279 2257
1254        2170 2198 2237 2216
1255        2121 2150 2198 2170
1256        2065 2101 2150 2121
1257        1995 2036 2101 2065
1258        1926 1967 2036 1995
1259        1858 1902 1967 1926
1260        1799 1835 1902 1858
1261        1736 1774 1835 1799
1262        1673 1710 1774 1736
1263        1612 1653 1710 1673
1264        1548 1597 1653 1612
1265        1496 1538 1597 1548
1266        1446 1483 1538 1496
1267        1390 1427 1483 1446
1268        1337 1383 1427 1390
1269        1286 1328 1383 1337
1270        1239 1278 1328 1286
1271        1194 1230 1278 1239
1272        1145 1186 1230 1194
1273        1100 1140 1186 1145
1274        1059 1099 1140 1100
1275        1018 1060 1099 1059
1276        977 1021 1060 1018
1277        937 981 1021 977
1278        909 949 981 937
1279        870 914 949 909
1280        837 880 914 870
1281        812 847 880 837
1282        774 819 847 812
1283        750 792 819 774
1284        721 766 792 750
1285        699 740 766 721
1286        676 714 740 699
1287        653 691 714 676
1288        631 672 691 653
1289        618 655 672 631
1290        593 637 655 618
1291        582 623 637 593
1292        568 610 623 582
1293        552 595 610 568
1294        546 586 595 552
1295        536 580 586 546
1296        531 572 580 536
1297        525 566 572 531
1298        523 561 566 525
1299        517 558 561 523
1300        511 555 558 517
1301        2317 2334 2365 2348
1302        2279 2298 2334 2317
1303        2237 2262 2298 2279
1304        2198 2224 2262 2237
1305        2150 2177 2224 2198
1306        2101 2129 2177 2150
1307        2036 2073 2129 2101
1308        1967 2003 2073 2036
1309        1902 1946 2003 1967
1310        1835 1878 1946 1902
1311        1774 1818 1878 1835
1312        1710 1753 1818 1774
1313        1653 1693 1753 1710
1314        1597 1636 1693 1653
1315        1538 1581 1636 1597
1316        1483 1529 1581 1538
1317        1427 1472 1529 1483
1318        1383 1417 1472 1427
1319        1328 1369 1417 1383
1320        1278 1324 1369 1328
1321        1230 1274 1324 1278
1322        1186 1223 1274 1230
1323        1140 1184 1223 1186
1324        1099 1141 1184 1140
1325        1060 1101 1141 1099
1326        1021 1064 1101 1060
1327        981 1027 1064 1021
1328        949 987 1027 981
1329        914 958 987 949
1330        880 922 958 914
1331        847 888 922 880
1332        819 861 888 847
1333        792 831 861 819
1334        766 809 831 792
1335        740 780 809 766
1336        714 760 780 740
1337        691 732 760 714
1338        672 717 732 691
1339        655 700 717 672
1340        637 679 700 655
1341        623 668 679 637
1342        610 649 668 623
1343        595 640 649 610
1344        586 628 640 595
1345        580 620 628 586
1346        572 614 620 580
1347        566 608 614 572
1348        561 605 608 566
1349        558 602 605 561
1350        555 600 602 558
1351        2334 2352 2381 2365
1352        2298 2319 2352 2334
1353        2262 2287 2319 2298
1354        2224 2249 2287 2262
1355        2177 2201 2249 2224
1356        2129 2157 2201 2177
1357        2073 2110 2157 2129
1358        2003 2054 2110 2073
1359        1946 1983 2054 2003
1360        1878 1918 1983 1946
1361        1818 1855 1918 1878
1362        1753 1802 1855 1818
1363        1693 1741 1802 1753
1364        1636 1680 1741 1693
1365        1581 1623 1680 1636
1366        1529 1569 1623 1581
1367        1472 1516 1569 1529
1368        1417 1465 1516 1472
1369        1369 1414 1465 1417
1370        1324 1361 1414 1369
1371        1274 1322 1361 1324
1372        1223 1271 1322 1274
1373        1184 1224 1271 1223
1374        1141 1188 1224 1184
1375        1101 1144 1188 1141
1376        1064 1102 1144 1101
1377        1027 1072 1102 1064
1378        987 1034 1072 1027
1379        958 997 1034 987
1380        922 964 997 958
1381        888 930 964 922
1382        861 908 930 888
1383        831 877 908 861
1384        809 852 877 831
1385        780 820 852 809
1386        760 803 820 780
1387        732 777 803 760
1388        717 762 777 732
1389        700 744 762 717
1390        679 726 744 700
1391        668 708 726 679
1392        649 696 708 668
1393        640 683 696 649
1394        628 673 683 640
1395        620 666 673 628
1396        614 657 666 620
1397        608 652 657 614
1398        605 648 652 608
1399        602 643 648 605
1400        600 642 643 602
1401        2352 2371 2398 2381
1402        2319 2341 2371 2352
1403        2287 2306 2341 2319
1404        2249 2267 2306 2287
1405        2201 2229 2267 2249
1406        2157 2187 2229 2201
1407        2110 2140 2187 2157
1408        2054 2094 2140 2110
1409        1983 2032 2094 2054
1410        1918 1971 2032 1983
1411        1855 1904 1971 1918
1412        1802 1841 1904 1855
1413        1741 1784 1841 1802
1414        1680 1728 1784 1741
1415        1623 1670 1728 1680
1416        1569 1614 1670 1623
1417        1516 1557 1614 1569
1418        1465 1512 1557 1516
1419        1414 1460 1512 1465
1420        1361 1407 1460 1414
1421        1322 1359 1407 1361
1422        1271 1317 1359 1322
1423        1224 1272 1317 1271
1424        1188 1227 1272 1224
1425        1144 1193 1227 1188
1426        1102 1152 1193 1144
1427        1072 1113 1152 1102
1428        1034 1081 1113 1072
1429        997 1041 1081 1034
1430        964 1011 1041 997
1431        930 978 1011 964
1432        908 952 978 930
1433        877 925 952 908
1434        852 896 925 877
1435        820 869 896 852
1436        803 848 869 820
1437        777 824 848 803
1438        762 807 824 777
1439        744 785 807 762
1440        726 771 785 744
1441        708 753 771 726
1442        696 745 753 708
1443        683 727 745 696
1444        673 718 727 683
1445        666 712 718 673
1446        657 706 712 666
1447        652 701 706 657
1448        648 694 701 652
1449        643 688 694 648
1450        642 684 688 643
1451        2371 2388 2416 2398
1452        2341 2356 2388 2371
1453        2306 2324 2356 2341
1454        2267 2291 2324 2306
1455        2229 2255 2291 2267
1456        2187 2218 2255 2229
1457        2140 2175 2218 2187
1458        2094 2125 2175 2140
1459        2032 2076 2125 2094
1460        1971 2008 2076 2032
1461        1904 1953 2008 1971
1462        1841 1894 1953 1904
1463        1784 1832 1894 1841
1464        1728 1770 1832 1784
1465        1670 1714 1770 1728
1466        1614 1665 1714 1670
1467        1557 1606 1665 1614
1468        1512 1551 1606 1557
1469        1460 1506 1551 1512
1470        1407 1454 1506 1460
1471        1359 1408 1454 1407
1472        1317 1362 1408 1359
1473        1272 1325 1362 1317
1474        1227 1279 1325 1272
1475        1193 1240 1279 1227
1476        1152 1199 1240 1193
1477        1113 1161 1199 1152
1478        1081 1126 1161 1113
1479        1041 1087 1126 1081
1480        1011 1054 1087 1041
1481        978 1029 1054 1011
1482        952 994 1029 978
1483        925 970 994 952
1484        896 941 970 925
1485        869 918 941 896
1486        848 894 918 869
1487        824 873 894 848
1488        807 856 873 824
1489        785 832 856 807
1490        771 816 832 785
1491        753 804 816 771
1492        745 787 804 753
1493        727 773 787 745
1494        718 768 773 727
1495        712 755 768 718
1496        706 751 755 712
1497        701 747 751 706
1498        694 741 747 701
1499        688 737 741 694
1500        684 733 737 688
1501        2388 2400 2432 2416
1502        2356 2375 2400 2388
1503        2324 2346 2375 2356
1504        2291 2318 2346 2324
1505        2255 2282 2318 2291
1506        2218 2244 2282 2255
1507        2175 2203 2244 2218
1508        2125 2159 2203 2175
1509        2076 2113 2159 2125
1510        2008 2066 2113 2076
1511        1953 2000 2066 2008
1512        1894 1939 2000 1953
1513        1832 1882 1939 1894
1514        1770 1823 1882 1832
1515        1714 1763 1823 1770
1516        1665 1706 1763 1714
1517        1606 1658 1706 1665
1518        1551 1601 1658 1606
1519        1506 1550 1601 1551
1520        1454 1507 1550 1506
1521        1408 1458 1507 1454
1522        1362 1412 1458 1408
1523        1325 1368 1412 1362
1524        1279 1329 1368 1325
1525        1240 1287 1329 1279
1526        1199 1249 1287 1240
1527        1161 1211 1249 1199
1528        1126 1173 1211 1161
1529        1087 1138 1173 1126
1530        1054 1106 1138 1087
1531        1029 1077 1106 1054
1532        994 1045 1077 1029
1533        970 1019 1045 994
1534        941 989 1019 970
1535        918 967 989 941
1536        894 942 967 918
1537        873 923 942 894
1538        856 899 923 873
1539        832 881 899 856
1540        816 867 881 832
1541        804 854 867 816
1542        787 840 854 804
1543        773 822 840 787
1544        768 814 822 773
1545        755 810 814 768
1546        751 800 810 755
1547        747 794 800 751
1548        741 789 794 747
1549        737 783 789 741
1550        733 781 783 737
1551        2400 2420 2442 2432
1552        2375 2395 2420 2400
1553        2346 2369 2395 2375
1554        2318 2338 2369 2346
1555        2282 2303 2338 2318
1556        2244 2269 2303 2282
1557        2203 2231 2269 2244
1558        2159 2192 2231 2203
1559        2113 2154 2192 2159
1560        2066 2104 2154 2113
1561        2000 2051 2104 2066
1562        1939 1991 2051 2000
1563        1882 1928 1991 1939
1564        1823 1874 1928 1882
1565        1763 1814 1874 1823
1566        1706 1760 1814 1763
1567        1658 1700 1760 1706
1568        1601 1655 1700 1658
1569        1550 1604 1655 1601
1570        1507 1552 1604 1550
1571        1458 1513 1552 1507
1572        1412 1464 1513 1458
1573        1368 1418 1464 1412
1574        1329 1381 1418 1368
1575        1287 1338 1381 1329
1576        1249 1295 1338 1287
1577        1211 1262 1295 1249
1578        1173 1218 1262 1211
1579        1138 1190 1218 1173
1580        1106 1158 1190 1138
1581        1077 1129 1158 1106
1582        1045 1095 1129 1077
1583        1019 1070 1095 1045
1584        989 1040 1070 1019
1585        967 1014 1040 989
1586        942 991 1014 967
1587        923 974 991 942
1588        899 954 974 923
1589        881 931 954 899
1590        867 915 931 881
1591        854 901 915 867
1592        840 883 901 854
1593        822 875 883 840
1594        814 866 875 822
1595        810 858 866 814
1596        800 851 858 810
1597        794 844 851 800
1598        789 842 844 794
1599        783 838 842 789
1600        781 834 838 783
1601        2420 2437 2459 2442
1602        2395 2411 2437 2420
1603        2369 2387 2411 2395
1604        2338 2359 2387 2369
1605        2303 2326 2359 2338
1606        2269 2292 2326 2303
1607        2231 2260 2292 2269
1608        2192 2225 2260 2231
1609        2154 2186 2225 2192
1610        2104 2138 2186 2154
1611        2051 2098 2138 2104
1612        1991 2044 2098 2051
1613        1928 1979 2044 1991
1614        1874 1923 1979 1928
1615        1814 1869 1923 1874
1616        1760 1810 1869 1814
1617        1700 1758 1810 1760
1618        1655 1701 1758 1700
1619        1604 1660 1701 1655
1620        1552 1608 1660 1604
1621        1513 1558 1608 1552
1622        1464 1517 1558 1513
1623        1418 1473 1517 1464
1624        1381 1426 1473 1418
1625        1338 1389 1426 1381
1626        1295 1349 1389 1338
1627        1262 1311 1349 1295
1628        1218 1277 1311 1262
1629        1190 1244 1277 1218
1630        1158 1207 1244 1190
1631        1129 1177 1207 1158
1632        1095 1149 1177 1129
1633        1070 1123 1149 1095
1634        1040 1092 1123 1070
1635        1014 1074 1092 1040
1636        991 1046 1074 1014
1637        974 1028 1046 991
1638        954 1004 1028 974
1639        931 985 1004 954
1640        915 971 985 931
1641        901 959 971 915
1642        883 935 959 901
1643        875 928 935 883
1644        866 920 928 875
1645        858 912 920 866
1646        851 906 912 858
1647        844 898 906 851
1648        842 892 898 844
1649        838 890 892 842
1650        834 886 890 838
1651        2437 2452 2475 2459
1652        2411 2429 2452 2437
1653        2387 2405 2429 2411
1654        2359 2377 2405 2387
1655        2326 2350 2377 2359
1656        2292 2321 2350 2326
1657        2260 2288 2321 2292
1658        2225 2252 2288 2260
1659        2186 2219 2252 2225
1660        2138 2181 2219 2186
1661        2098 2136 2181 2138
1662        2044 2089 2136 2098
1663        1979 2037 2089 2044
1664        1923 1978 2037 1979
1665        1869 1916 1978 1923
1666        1810 1864 1916 1869
1667        1758 1808 1864 1810
1668        1701 1761 1808 1758
1669        1660 1707 1761 1701
1670        1608 1664 1707 1660
1671        1558 1613 1664 1608
1672        1517 1571 1613 1558
1673        1473 1525 1571 1517
1674        1426 1482 1525 1473
1675        1389 1447 1482 1426
1676        1349 1401 1447 1389
1677        1311 1365 1401 1349
1678        1277 1331 1365 1311
1679        1244 1292 1331 1277
1680        1207 1263 1292 1244
1681        1177 1228 1263 1207
1682        1149 1202 1228 1177
1683        1123 1169 1202 1149
1684        1092 1147 1169 1123
1685        1074 1124 1147 1092
1686        1046 1097 1124 1074
1687        1028 1079 1097 1046
1688        1004 1055 1079 1028
1689        985 1037 1055 1004
1690        971 1023 1037 985
1691        959 1008 1023 971
1692        935 990 1008 959
1693        928 983 990 935
1694        920 972 983 928
1695        912 962 972 920
1696        906 960 962 912
1697        898 950 960 906
1698        892 946 950 898
1699        890 943 946 892
1700        886 940 943 890
1701        2452 2468 2488 2475
1702        2429 2445 2468 2452
1703        2405 2422 2445 2429
1704        2377 2399 2422 2405
1705        2350 2373 2399 2377
1706        2321 2344 2373 2350
1707        2288 2311 2344 2321
1708        2252 2284 2311 2288
1709        2219 2250 2284 2252
1710        2181 2211 2250 2219
1711        2136 2174 2211 2181
1712        2089 2134 2174 2136
1713        2037 2083 2134 2089
1714        1978 2030 2083 2037
1715        1916 1976 2030 1978
1716        1864 1917 1976 1916
1717        1808 1871 1917 1864
1718        1761 1815 1871 1808
1719        1707 1764 1815 1761
1720        1664 1717 1764 1707
1721        1613 1671 1717 1664
1722        1571 1624 1671 1613
1723        1525 1582 1624 1571
1724        1482 1539 1582 1525
1725        1447 1494 1539 1482
1726        1401 1457 1494 1447
1727        1365 1420 1457 1401
1728        1331 1388 1420 1365
1729        1292 1350 1388 1331
1730        1263 1318 1350 1292
1731        1228 1284 1318 1263
1732        1202 1257 1284 1228
1733        1169 1225 1257 1202
1734        1147 1206 1225 1169
1735        1124 1180 1206 1147
1736        1097 1156 1180 1124
1737        1079 1133 1156 1097
1738        1055 1108 1133 1079
1739        1037 1093 1108 1055
1740        1023 1080 1093 1037
1741        1008 1065 1080 1023
1742        990 1047 1065 1008
1743        983 1035 1047 990
1744        972 1030 1035 983
1745        962 1016 1030 972
1746        960 1012 1016 962
1747        950 1006 1012 960
1748        946 1002 1006 950
1749        943 1000 1002 946
1750        940 996 1000 943
1751        2468 2478 2500 2488
1752        2445 2460 2478 2468
1753        2422 2440 2460 2445
1754        2399 2417 2440 2422
1755        2373 2392 2417 2399
1756        2344 2367 2392 2373
1757        2311 2340 2367 2344
1758        2284 2309 2340 2311
1759        2250 2274 2309 2284
1760        2211 2242 2274 2250
1761        2174 2207 2242 2211
1762        2134 2167 2207 2174
1763        2083 2127 2167 2134
1764        2030 2079 2127 2083
1765        1976 2029 2079 2030
1766        1917 1977 2029 1976
1767        1871 1921 1977 1917
1768        1815 1872 1921 1871
1769        1764 1824 1872 1815
1770        1717 1769 1824 1764
1771        1671 1729 1769 1717
1772        1624 1678 1729 1671
1773        1582 1633 1678 1624
1774        1539 1595 1633 1582
1775        1494 1546 1595 1539
1776        1457 1514 1546 1494
1777        1420 1474 1514 1457
1778        1388 1441 1474 1420
1779        1350 1405 1441 1388
1780        1318 1375 1405 1350
1781        1284 1340 1375 1318
1782        1257 1312 1340 1284
1783        1225 1282 1312 1257
1784        1206 1259 1282 1225
1785        1180 1231 1259 1206
1786        1156 1214 1231 1180
1787        1133 1189 1214 1156
1788        1108 1164 1189 1133
1789        1093 1150 1164 1108
1790        1080 1136 1150 1093
1791        1065 1118 1136 1080
1792        1047 1105 1118 1065
1793        1035 1089 1105 1047
1794        1030 1085 1089 1035
1795        1016 1075 1085 1030
1796        1012 1067 1075 1016
1797        1006 1061 1067 1012
1798        1002 1053 1061 1006
1799        1000 1051 1053 1002
1800        996 1049 1051 1000
1801        2478 2493 2510 2500
1802        2460 2476 2493 2478
1803        2440 2457 2476 2460
1804        2417 2436 2457 2440
1805        2392 2413 2436 2417
1806        2367 2390 2413 2392
1807        2340 2362 2390 2367
1808        2309 2335 2362 2340
1809        2274 2308 2335 2309
1810        2242 2273 2308 2274
1811        2207 2241 2273 2242
1812        2167 2206 2241 2207
1813        2127 2165 2206 2167
1814        2079 2130 2165 2127
1815        2029 2082 2130 2079
1816        1977 2040 2082 2029
1817        1921 1980 2040 1977
1818        1872 1929 1980 1921
1819        1824 1883 1929 1872
1820        1769 1831 1883 1824
1821        1729 1785 1831 1769
1822        1678 1740 1785 1729
1823        1633 1692 1740 1678
1824        1595 1651 1692 1633
1825        1546 1611 1651 1595
1826        1514 1573 1611 1546
1827        1474 1535 1573 1514
1828        1441 1498 1535 1474
1829        1405 1467 1498 1441
1830        1375 1433 1467 1405
1831        1340 1397 1433 1375
1832        1312 1373 1397 1340
1833        1282 1343 1373 1312
1834        1259 1316 1343 1282
1835        1231 1290 1316 1259
1836        1214 1267 1290 1231
1837        1189 1251 1267 1214
1838        1164 1221 1251 1189
1839        1150 1209 1221 1164
1840        1136 1195 1209 1150
1841        1118 1176 1195 1136
1842        1105 1162 1176 1118
1843        1089 1154 1162 1105
1844        1085 1142 1154 1089
1845        1075 1132 1142 1085
1846        1067 1128 1132 1075
1847        1061 1120 1128 1067
1848        1053 1116 1120 1061
1849        1051 1112 1116 1053
1850        1049 1109 1112 1051
1851        2493 2508 2523 2510
1852        2476 2491 2508 2493
1853        2457 2472 2491 2476
1854        2436 2455 2472 2457
1855        2413 2433 2455 2436
1856        2390 2409 2433 2413
1857        2362 2384 2409 2390
1858        2335 2360 2384 2362
1859        2308 2330 2360 2335
1860        2273 2301 2330 2308
1861        2241 2270 2301 2273
1862        2206 2239 2270 2241
1863        2165 2205 2239 2206
1864        2130 2168 2205 2165
1865        2082 2132 2168 2130
1866        2040 2088 2132 2082
1867        1980 2046 2088 2040
1868        1929 1992 2046 1980
1869        1883 1940 1992 1929
1870        1831 1895 1940 1883
1871        1785 1842 1895 1831
1872        1740 1801 1842 1785
1873        1692 1752 1801 1740
1874        1651 1708 1752 1692
1875        1611 1672 1708 1651
1876        1573 1629 1672 1611
1877        1535 1599 1629 1573
1878        1498 1555 1599 1535
1879        1467 1526 1555 1498
1880        1433 1484 1526 1467
1881        1397 1462 1484 1433
1882        1373 1429 1462 1397
1883        1343 1404 1429 1373
1884        1316 1379 1404 1343
1885        1290 1352 1379 1316
1886        1267 1330 1352 1290
1887        1251 1306 1330 1267
1888        1221 1288 1306 1251
1889        1209 1268 1288 1221
1890        1195 1253 1268 1209
1891        1176 1237 1253 1195
1892        1162 1217 1237 1176
1893        1154 1215 1217 1162
1894        1142 1201 1215 1154
1895        1132 1196 1201 1142
1896        1128 1185 1196 1132
1897        1120 1182 1185 1128
1898        1116 1174 1182 1120
1899        1112 1168 1174 1116
1900        1109 1166 1168 1112
1901        2508 2521 2535 2523
1902        2491 2505 2521 2508
1903        2472 2489 2505 2491
1904        2455 2471 2489 2472
1905        2433 2450 2471 2455
1906        2409 2427 2450 2433
1907        2384 2407 2427 2409
1908        2360 2382 2407 2384
1909        2330 2354 2382 2360
1910        2301 2327 2354 2330
1911        2270 2300 2327 2301
1912        2239 2271 2300 2270
1913        2205 2240 2271 2239
1914        2168 2208 2240 2205
1915        2132 2173 2208 2168
1916        2088 2137 2173 2132
1917        2046 2099 2137 2088
1918        1992 2049 2099 2046
1919        1940 1999 2049 1992
1920        1895 1952 1999 1940
1921        1842 1905 1952 1895
1922        1801 1856 1905 1842
1923        1752 1819 1856 1801
1924        1708 1772 1819 1752
1925        1672 1734 1772 1708
1926        1629 1690 1734 1672
1927        1599 1659 1690 1629
1928        1555 1619 1659 1599
1929        1526 1589 1619 1555
1930        1484 1547 1589 1526
1931        1462 1522 1547 1484
1932        1429 1486 1522 1462
1933        1404 1466 1486 1429
1934        1379 1439 1466 1404
1935        1352 1415 1439 1379
1936        1330 1391 1415 1352
1937        1306 1372 1391 1330
1938        1288 1346 1372 1306
1939        1268 1334 1346 1288
1940        1253 1314 1334 1268
1941        1237 1300 1314 1253
1942        1217 1280 1300 1237
1943        1215 1275 1280 1217
1944        1201 1265 1275 1215
1945        1196 1256 1265 1201
1946        1185 1247 1256 1196
1947        1182 1243 1247 1185
1948        1174 1238 1243 1182
1949        1168 1236 1238 1174
1950        1166 1232 1236 1168
1951        2521 2532 2546 2535
1952        2505 2518 2532 2521
1953        2489 2503 2518 2505
1954        2471 2486 2503 2489
1955        2450 2466 2486 2471
1956        2427 2448 2466 2450
1957        2407 2425 2448 2427
1958        2382 2403 2425 2407
1959        2354 2378 2403 2382
1960        2327 2353 2378 2354
1961        2300 2328 2353 2327
1962        2271 2302 2328 2300
1963        2240 2272 2302 2271
1964        2208 2243 2272 2240
1965        2173 2212 2243 2208
1966        2137 2182 2212 2173
1967        2099 2139 2182 2137
1968        2049 2105 2139 2099
1969        1999 2063 2105 2049
1970        1952 2011 2063 1999
1971        1905 1970 2011 1952
1972        1856 1919 1970 1905
1973        1819 1879 1919 1856
1974        1772 1836 1879 1819
1975        1734 1795 1836 1772
1976        1690 1756 1795 1734
1977        1659 1723 1756 1690
1978        1619 1685 1723 1659
1979        1589 1646 1685 1619
1980        1547 1618 1646 1589
1981        1522 1588 1618 1547
1982        1486 1554 1588 1522
1983        1466 1532 1554 1486
1984        1439 1502 1532 1466
1985        1415 1477 1502 1439
1986        1391 1452 1477 1415
1987        1372 1436 1452 1391
1988        1346 1410 1436 1372
1989        1334 1396 1410 1346
1990        1314 1384 1396 1334
1991        1300 1356 1384 1314
1992        1280 1345 1356 1300
1993        1275 1339 1345 1280
1994        1265 1326 1339 1275
1995        1256 1323 1326 1265
1996        1247 1309 1323 1256
1997        1243 1305 1309 1247
1998        1238 1302 1305 1243
1999        1236 1298 1302 1238
2000        1232 1294 1298 1236
2001        2532 2544 2556 2546
2002        2518 2531 2544 2532
2003        2503 2516 2531 2518
2004        2486 2502 2516 2503
2005        2466 2483 2502 2486
2006        2448 2464 2483 2466
2007        2425 2446 2464 2448
2008        2403 2423 2446 2425
2009        2378 2402 2423 2403
2010        2353 2379 2402 2378
2011        2328 2355 2379 2353
2012        2302 2331 2355 2328
2013        2272 2307 2331 2302
2014        2243 2276 2307 2272
2015        2212 2251 2276 2243
2016        2182 2220 2251 2212
2017        2139 2185 2220 2182
2018        2105 2155 2185 2139
2019        2063 2112 2155 2105
2020        2011 2077 2112 2063
2021        1970 2031 2077 2011
2022        1919 1985 2031 1970
2023        1879 1945 1985 1919
2024        1836 1903 1945 1879
2025        1795 1857 1903 1836
2026        1756 1821 1857 1795
2027        1723 1786 1821 1756
2028        1685 1747 1786 1723
2029        1646 1712 1747 1685
2030        1618 1682 1712 1646
2031        1588 1649 1682 1618
2032        1554 1620 1649 1588
2033        1532 1591 1620 1554
2034        1502 1565 1591 1532
2035        1477 1540 1565 1502
2036        1452 1520 1540 1477
2037        1436 1492 1520 1452
2038        1410 1478 1492 1436
2039        1396 1459 1478 1410
2040        1384 1445 1459 1396
2041        1356 1421 1445 1384
2042        1345 1411 1421 1356
2043        1339 1398 1411 1345
2044        1326 1392 1398 1339
2045        1323 1385 1392 1326
2046        1309 1377 1385 1323
2047        1305 1367 1377 1309
2048        1302 1363 1367 1305
2049        1298 1358 1363 1302
2050        1294 1354 1358 1298
2051        2544 2553 2565 2556
2052        2531 2542 2553 2544
2053        2516 2529 2542 2531
2054        2502 2515 2529 2516
2055        2483 2497 2515 2502
2056        2464 2482 2497 2483
2057        2446 2462 2482 2464
2058        2423 2443 2462 2446
2059        2402 2424 2443 2423
2060        2379 2404 2424 2402
2061        2355 2383 2404 2379
2062        2331 2361 2383 2355
2063        2307 2336 2361 2331
2064        2276 2310 2336 2307
2065        2251 2285 2310 2276
2066        2220 2253 2285 2251
2067        2185 2226 2253 2220
2068        2155 2194 2226 2185
2069        2112 2163 2194 2155
2070        2077 2124 2163 2112
2071        2031 2095 2124 2077
2072        1985 2053 2095 2031
2073        1945 2004 2053 1985
2074        1903 1968 2004 1945
2075        1857 1927 1968 1903
2076        1821 1888 1927 1857
2077        1786 1847 1888 1821
2078        1747 1812 1847 1786
2079        1712 1776 1812 1747
2080        1682 1745 1776 1712
2081        1649 1718 1745 1682
2082        1620 1686 1718 1649
2083        1591 1663 1686 1620
2084        1565 1631 1663 1591
2085        1540 1607 1631 1565
2086        1520 1583 1607 1540
2087        1492 1562 1583 1520
2088        1478 1542 1562 1492
2089        1459 1530 1542 1478
2090        1445 1509 1530 1459
2091        1421 1488 1509 1445
2092        1411 1480 1488 1421
2093        1398 1470 1480 1411
2094        1392 1455 1470 1398
2095        1385 1450 1455 1392
2096        1377 1443 1450 1385
2097        1367 1437 1443 1377
2098        1363 1431 1437 1367
2099        1358 1425 1431 1363
2100        1354 1423 1425 1358
2101        2553 2563 2573 2565
2102        2542 2552 2563 2553
2103        2529 2540 2552 2542
2104        2515 2527 2540 2529
2105        2497 2513 2527 2515
2106        2482 2496 2513 2497
2107        2462 2480 2496 2482
2108        2443 2463 2480 2462
2109        2424 2447 2463 2443
2110        2404 2426 2447 2424
2111        2383 2408 2426 2404
2112        2361 2385 2408 2383
2113        2336 2363 2385 2361
2114        2310 2342 2363 2336
2115        2285 2312 2342 2310
2116        2253 2289 2312 2285
2117        2226 2263 2289 2253
2118        2194 2232 2263 2226
2119        2163 2204 2232 2194
2120        2124 2176 2204 2163
2121        2095 2141 2176 2124
2122        2053 2111 2141 2095
2123        2004 2074 2111 2053
2124        1968 2038 2074 2004
2125        1927 1996 2038 1968
2126        1888 1956 1996 1927
2127        1847 1915 1956 1888
2128        1812 1885 1915 1847
2129        1776 1844 1885 1812
2130        1745 1816 1844 1776
2131        1718 1780 1816 1745
2132        1686 1755 1780 1718
2133        1663 1731 1755 1686
2134        1631 1697 1731 1663
2135        1607 1677 1697 1631
2136        1583 1654 1677 1607
2137        1562 1627 1654 1583
2138        1542 1610 1627 1562
2139        1530 1594 1610 1542
2140        1509 1578 1594 1530
2141        1488 1560 1578 1509
2142        1480 1545 1560 1488
2143        1470 1536 1545 1480
2144        1455 1531 1536 1470
2145        1450 1519 1531 1455
2146        1443 1511 1519 1450
2147        1437 1505 1511 1443
2148        1431 1501 1505 1437
2149        1425 1495 1501 1431
2150        1423 1491 1495 1425
2151        2563 2570 2580 2573
2152        2552 2560 2570 2563
2153        2540 2550 2560 2552
2154        2527 2538 2550 2540
2155        2513 2524 2538 2527
2156        2496 2511 2524 2513
2157        2480 2495 2511 2496
2158        2463 2481 2495 2480
2159        2447 2465 2481 2463
2160        2426 2449 2465 2447
2161        2408 2428 2449 2426
2162        2385 2410 2428 2408
2163        2363 2391 2410 2385
2164        2342 2366 2391 2363
2165        2312 2343 2366 2342
2166        2289 2322 2343 2312
2167        2263 2293 2322 2289
2168        2232 2268 2293 2263
2169        2204 2245 2268 2232
2170        2176 2217 2245 2204
2171        2141 2188 2217 2176
2172        2111 2156 2188 2141
2173        2074 2131 2156 2111
2174        2038 2100 2131 2074
2175        1996 2064 2100 2038
2176        1956 2023 2064 1996
2177        1915 1986 2023 1956
2178        1885 1950 1986 1915
2179        1844 1911 1950 1885
2180        1816 1886 1911 1844
2181        1780 1849 1886 1816
2182        1755 1828 1849 1780
2183        1731 1798 1828 1755
2184        1697 1765 1798 1731
2185        1677 1742 1765 1697
2186        1654 1725 1742 1677
2187        1627 1696 1725 1654
2188        1610 1681 1696 1627
2189        1594 1667 1681 1610
2190        1578 1644 1667 1594
2191        1560 1626 1644 1578
2192        1545 1615 1626 1560
2193        1536 1603 1615 1545
2194        1531 1598 1603 1536
2195        1519 1586 1598 1531
2196        1511 1580 1586 1519
2197        1505 1576 1580 1511
2198        1501 1572 1576 1505
2199        1495 1567 1572 1501
2200        1491 1564 1567 1495
2201        2570 2577 2586 2580
2202        2560 2568 2577 2570
2203        2550 2558 2568 2560
2204        2538 2548 2558 2550
2205        2524 2536 2548 2538
2206        2511 2525 2536 2524
2207        2495 2512 2525 2511
2208        2481 2498 2512 2495
2209        2465 2484 2498 2481
2210        2449 2467 2484 2465
2211        2428 2451 2467 2449
2212        2410 2434 2451 2428
2213        2391 2414 2434 2410
2214        2366 2393 2414 2391
2215        2343 2372 2393 2366
2216        2322 2349 2372 2343
2217        2293 2325 2349 2322
2218        2268 2304 2325 2293
2219        2245 2283 2304 2268
2220        2217 2254 2283 2245
2221        2188 2230 2254 2217
2222        2156 2202 2230 2188
2223        2131 2178 2202 2156
2224        2100 2151 2178 2131
2225        2064 2120 2151 2100
2226        2023 2093 2120 2064
2227        1986 2058 2093 2023
2228        1950 2019 2058 1986
2229        1911 1990 2019 1950
2230        1886 1959 1990 1911
2231        1849 1925 1959 1886
2232        1828 1897 1925 1849
2233        1798 1870 1897 1828
2234        1765 1838 1870 1798
2235        1742 1820 1838 1765
2236        1725 1794 1820 1742
2237        1696 1767 1794 1725
2238        1681 1751 1767 1696
2239        1667 1737 1751 1681
2240        1644 1720 1737 1667
2241        1626 1698 1720 1644
2242        1615 1689 1698 1626
2243        1603 1676 1689 1615
2244        1598 1668 1676 1603
2245        1586 1661 1668 1598
2246        1580 1647 1661 1586
2247        1576 1642 1647 1580
2248        1572 1640 1642 1576
2249        1567 1638 1640 1572
2250        1564 1635 1638 1567
2251        2577 2583 2590 2586
2252        2568 2575 2583 2577
2253        2558 2566 2575 2568
2254        2548 2557 2566 2558
2255        2536 2547 2557 2548
2256        2525 2537 2547 2536
2257        2512 2526 2537 2525
2258        2498 2514 2526 2512
2259        2484 2501 2514 2498
2260        2467 2485 2501 2484
2261        2451 2470 2485 2467
2262        2434 2454 2470 2451
2263        2414 2435 2454 2434
2264        2393 2418 2435 2414
2265        2372 2397 2418 2393
2266        2349 2376 2397 2372
2267        2325 2358 2376 2349
2268        2304 2337 2358 2325
2269        2283 2315 2337 2304
2270        2254 2290 2315 2283
2271        2230 2266 2290 2254
2272        2202 2246 2266 2230
2273        2178 2223 2246 2202
2274        2151 2197 2223 2178
2275        2120 2169 2197 2151
2276        2093 2144 2169 2120
2277        2058 2116 2144 2093
2278        2019 2086 2116 2058
2279        1990 2059 2086 2019
2280        1959 2025 2059 1990
2281        1925 1997 2025 1959
2282        1897 1966 1997 1925
2283        1870 1936 1966 1897
2284        1838 1908 1936 1870
2285        1820 1893 1908 1838
2286        1794 1865 1893 1820
2287        1767 1839 1865 1794
2288        1751 1829 1839 1767
2289        1737 1805 1829 1751
2290        1720 1789 1805 1737
2291        1698 1773 1789 1720
2292        1689 1762 1773 1698
2293        1676 1748 1762 1689
2294        1668 1739 1748 1676
2295        1661 1733 1739 1668
2296        1647 1727 1733 1661
2297        1642 1721 1727 1647
2298        1640 1711 1721 1642
2299        1638 1705 1711 1640
2300        1635 1703 1705 1638
2301        2583 2589 2595 2590
2302        2575 2582 2589 2583
2303        2566 2574 2582 2575
2304        2557 2567 2574 2566
2305        2547 2559 2567 2557
2306        2537 2549 2559 2547
2307        2526 2539 2549 2537
2308        2514 2528 2539 2526
2309        2501 2517 2528 2514
2310        2485 2504 2517 2501
2311        2470 2490 2504 2485
2312        2454 2473 2490 2470
2313        2435 2456 2473 2454
2314        2418 2439 2456 2435
2315        2397 2421 2439 2418
2316        2376 2406 2421 2397
2317        2358 2386 2406 2376
2318        2337 2368 2386 2358
2319        2315 2345 2368 2337
2320        2290 2323 2345 2315
2321        2266 2305 2323 2290
2322        2246 2286 2305 2266
2323        2223 2261 2286 2246
2324        2197 2235 2261 2223
2325        2169 2215 2235 2197
2326        2144 2189 2215 2169
2327        2116 2164 2189 2144
2328        2086 2146 2164 2116
2329        2059 2118 2146 2086
2330        2025 2096 2118 2059
2331        1997 2069 2096 2025
2332        1966 2045 2069 1997
2333        1936 2005 2045 1966
2334        1908 1981 2005 1936
2335        1893 1962 1981 1908
2336        1865 1937 1962 1893
2337        1839 1912 1937 1865
2338        1829 1899 1912 1839
2339        1805 1880 1899 1829
2340        1789 1861 1880 1805
2341        1773 1846 1861 1789
2342        1762 1834 1846 1773
2343        1748 1825 1834 1762
2344        1739 1807 1825 1748
2345        1733 1803 1807 1739
2346        1727 1796 1803 1733
2347        1721 1791 1796 1727
2348        1711 1787 1791 1721
2349        1705 1779 1787 1711
2350        1703 1777 1779 1705
2351        2589 2592 2598 2595
2352        2582 2587 2592 2589
2353        2574 2581 2587 2582
2354        2567 2576 2581 2574
2355        2559 2569 2576 2567
2356        2549 2561 2569 2559
2357        2539 2551 2561 2549
2358        2528 2541 2551 2539
2359        2517 2530 2541 2528
2360        2504 2519 2530 2517
2361        2490 2506 2519 2504
2362        2473 2492 2506 2490
2363        2456 2477 2492 2473
2364        2439 2461 2477 2456
2365        2421 2444 2461 2439
2366        2406 2430 2444 2421
2367        2386 2412 2430 2406
2368        2368 2394 2412 2386
2369        2345 2374 2394 2368
2370        2323 2357 2374 2345
2371        2305 2339 2357 2323
2372        2286 2320 2339 2305
2373        2261 2299 2320 2286
2374        2235 2278 2299 2261
2375        2215 2256 2278 2235
2376        2189 2233 2256 2215
2377        2164 2214 2233 2189
2378        2146 2191 2214 2164
2379        2118 2171 2191 2146
2380        2096 2152 2171 2118
2381        2069 2126 2152 2096
2382        2045 2108 2126 2069
2383        2005 2080 2108 2045
2384        1981 2062 2080 2005
2385        1962 2041 2062 1981
2386        1937 2012 2041 1962
2387        1912 1993 2012 1937
2388        1899 1972 1993 1912
2389        1880 1958 1972 1899
2390        1861 1935 1958 1880
2391        1846 1920 1935 1861
2392        1834 1907 1920 1846
2393        1825 1898 1907 1834
2394        1807 1889 1898 1825
2395        1803 1876 1889 1807
2396        1796 1875 1876 1803
2397        1791 1866 1875 1796
2398        1787 1859 1866 1791
2399        1779 1854 1859 1787
2400        1777 1851 1854 1779
2401        2592 2596 2599 2598
2402        2587 2593 2596 2592
2403        2581 2588 2593 2587
2404        2576 2584 2588 2581
2405        2569 2578 2584 2576
2406        2561 2571 2578 2569
2407        2551 2562 2571 2561
2408        2541 2554 2562 2551
2409        2530 2543 2554 2541
2410        2519 2533 2543 2530
2411        2506 2520 2533 2519
2412        2492 2507 2520 2506
2413        2477 2494 2507 2492
2414        2461 2479 2494 2477
2415        2444 2469 2479 2461
2416        2430 2453 2469 2444
2417        2412 2438 2453 2430
2418        2394 2419 2438 2412
2419        2374 2401 2419 2394
2420        2357 2389 2401 2374
2421        2339 2370 2389 2357
2422        2320 2351 2370 2339
2423        2299 2333 2351 2320
2424        2278 2316 2333 2299
2425        2256 2295 2316 2278
2426        2233 2275 2295 2256
2427        2214 2259 2275 2233
2428        2191 2236 2259 2214
2429        2171 2221 2236 2191
2430        2152 2200 2221 2171
2431        2126 2183 2200 2152
2432        2108 2158 2183 2126
2433        2080 2143 2158 2108
2434        2062 2123 2143 2080
2435        2041 2107 2123 2062
2436        2012 2084 2107 2041
2437        1993 2072 2084 2012
2438        1972 2052 2072 1993
2439        1958 2034 2052 1972
2440        1935 2015 2034 1958
2441        1920 2002 2015 1935
2442        1907 1982 2002 1920
2443        1898 1974 1982 1907
2444        1889 1965 1974 1898
2445        1876 1961 1965 1889
2446        1875 1948 1961 1876
2447        1866 1944 1948 1875
2448        1859 1942 1944 1866
2449        1854 1933 1942 1859
2450        1851 1930 1933 1854
2451        2596 2600 2601 2599
2452        2593 2597 2600 2596
2453        2588 2594 2597 2593
2454        2584 2591 2594 2588
2455        2578 2585 2591 2584
2456        2571 2579 2585 2578
2457        2562 2572 2579 2571
2458        2554 2564 2572 2562
2459        2543 2555 2564 2554
2460        2533 2545 2555 2543
2461        2520 2534 2545 2533
2462        2507 2522 2534 2520
2463        2494 2509 2522 2507
2464        2479 2499 2509 2494
2465        2469 2487 2499 2479
2466        2453 2474 2487 2469
2467        2438 2458 2474 2453
2468        2419 2441 2458 2438
2469        2401 2431 2441 2419
2470        2389 2415 2431 2401
2471        2370 2396 2415 2389
2472        2351 2380 2396 2370
2473        2333 2364 2380 2351
2474        2316 2347 2364 2333
2475        2295 2329 2347 2316
2476        2275 2313 2329 2295
2477        2259 2296 2313 2275
2478        2236 2280 2296 2259
2479        2221 2264 2280 2236
2480        2200 2247 2264 2221
2481        2183 2227 2247 2200
2482        2158 2209 2227 2183
2483        2143 2195 2209 2158
2484        2123 2179 2195 2143
2485        2107 2160 2179 2123
2486        2084 2148 2160 2107
2487        2072 2133 2148 2084
2488        2052 2114 2133 2072
2489        2034 2102 2114 2052
2490        2015 2087 2102 2034
2491        2002 2075 2087 2015
2492        1982 2067 2075 2002
2493        1974 2055 2067 1982
2494        1965 2047 2055 1974
2495        1961 2035 2047 1965
2496        1948 2026 2035 1961
2497        1944 2020 2026 1948
2498        1942 2017 2020 1944
2499        1933 2013 2017 1942
2500        1930 2007 2013 1933
