DAT_CURVE NUM#500 
CUSTOM_CURVE
-0.00000
-114.22846
-228.45691
-342.68537
-456.91383
-571.14228
-685.37074
-799.59920
-913.82766
-1028.05611
-1142.28457
-1256.51303
-1370.74148
-1484.96994
-1599.19840
-1713.42685
-1827.65531
-1941.88377
-2056.11222
-2170.34068
-2284.56914
-2398.79760
-2513.02605
-2627.25451
-2741.48297
-2855.71142
-2969.93988
-3084.16834
-3198.39679
-3312.62525
-3426.85371
-3541.08216
-3655.31062
-3769.53908
-3883.76754
-3997.99599
-4112.22445
-4226.45291
-4340.68136
-4454.90982
-4569.13828
-4683.36673
-4797.59519
-4911.82365
-5026.05210
-5140.28056
-5254.50902
-5368.73747
-5482.96593
-5597.19439
-5711.42285
-5825.65130
-5939.87976
-6054.10822
-6168.33667
-6282.56513
-6396.79359
-6511.02204
-6625.25050
-6739.47896
-6853.70741
-6967.93587
-7082.16433
-7196.39279
-7310.62124
-7424.84970
-7539.07816
-7653.30661
-7767.53507
-7881.76353
-7995.99198
-8110.22044
-8224.44890
-8338.67735
-8452.90581
-8567.13427
-8681.36273
-8795.59118
-8909.81964
-9024.04810
-9138.27655
-9252.50501
-9366.73347
-9480.96192
-9595.19038
-9709.41884
-9823.64729
-9937.87575
-10052.10421
-10166.33267
-10280.56112
-10394.78958
-10509.01804
-10623.24649
-10737.47495
-10851.70341
-10965.93186
-11080.16032
-11194.38878
-11308.61723
-11422.84569
-11537.07415
-11651.30261
-11765.53106
-11879.75952
-11993.98798
-12108.21643
-12222.44489
-12336.67335
-12450.90180
-12565.13026
-12679.35872
-12793.58717
-12907.81563
-13022.04409
-13136.27255
-13250.50100
-13364.72946
-13478.95792
-13593.18637
-13707.41483
-13821.64329
-13935.87174
-14050.10020
-14164.32866
-14278.55711
-14392.78557
-14507.01403
-14621.24248
-14735.47094
-14849.69940
-14963.92786
-15078.15631
-15192.38477
-15306.61323
-15420.84168
-15535.07014
-15649.29860
-15763.52705
-15877.75551
-15991.98397
-16106.21242
-16220.44088
-16334.66934
-16448.89780
-16563.12625
-16677.35471
-16791.58317
-16905.81162
-17020.04008
-17134.26854
-17248.49699
-17362.72545
-17476.95391
-17591.18236
-17705.41082
-17819.63928
-17933.86774
-18048.09619
-18162.32465
-18276.55311
-18390.78156
-18505.01002
-18619.23848
-18733.46693
-18847.69539
-18961.92385
-19076.15230
-19190.38076
-19304.60922
-19418.83768
-19533.06613
-19647.29459
-19761.52305
-19875.75150
-19989.97996
-20104.20842
-20218.43687
-20332.66533
-20446.89379
-20561.12224
-20675.35070
-20789.57916
-20903.80762
-21018.03607
-21132.26453
-21246.49299
-21360.72144
-21474.94990
-21589.17836
-21703.40681
-21817.63527
-21931.86373
-22046.09218
-22160.32064
-22274.54910
-22388.77756
-22503.00601
-22617.23447
-22731.46293
-22845.69138
-22959.91984
-23074.14830
-23188.37675
-23302.60521
-23416.83367
-23531.06212
-23645.29058
-23759.51904
-23873.74749
-23987.97595
-24102.20441
-24216.43287
-24330.66132
-24444.88978
-24559.11824
-24673.34669
-24787.57515
-24901.80361
-25016.03206
-25130.26052
-25244.48898
-25358.71743
-25472.94589
-25587.17435
-25701.40281
-25815.63126
-25929.85972
-26044.08818
-26158.31663
-26272.54509
-26386.77355
-26501.00200
-26615.23046
-26729.45892
-26843.68737
-26957.91583
-27072.14429
-27186.37275
-27300.60120
-27414.82966
-27529.05812
-27643.28657
-27757.51503
-27871.74349
-27985.97194
-28100.20040
-28214.42886
-28328.65731
-28442.88577
-28557.11423
-28671.34269
-28785.57114
-28899.79960
-29014.02806
-29128.25651
-29242.48497
-29356.71343
-29470.94188
-29585.17034
-29699.39880
-29813.62725
-29927.85571
-30042.08417
-30156.31263
-30270.54108
-30384.76954
-30498.99800
-30613.22645
-30727.45491
-30841.68337
-30955.91182
-31070.14028
-31184.36874
-31298.59719
-31412.82565
-31527.05411
-31641.28257
-31755.51102
-31869.73948
-31983.96794
-32098.19639
-32212.42485
-32326.65331
-32440.88176
-32555.11022
-32669.33868
-32783.56713
-32897.79559
-33012.02405
-33126.25251
-33240.48096
-33354.70942
-33468.93788
-33583.16633
-33697.39479
-33811.62325
-33925.85170
-34040.08016
-34154.30862
-34268.53707
-34382.76553
-34496.99399
-34611.22244
-34725.45090
-34839.67936
-34953.90782
-35068.13627
-35182.36473
-35296.59319
-35410.82164
-35525.05010
-35639.27856
-35753.50701
-35867.73547
-35981.96393
-36096.19238
-36210.42084
-36324.64930
-36438.87776
-36553.10621
-36667.33467
-36781.56313
-36895.79158
-37010.02004
-37124.24850
-37238.47695
-37352.70541
-37466.93387
-37581.16232
-37695.39078
-37809.61924
-37923.84770
-38038.07615
-38152.30461
-38266.53307
-38380.76152
-38494.98998
-38609.21844
-38723.44689
-38837.67535
-38951.90381
-39066.13226
-39180.36072
-39294.58918
-39408.81764
-39523.04609
-39637.27455
-39751.50301
-39865.73146
-39979.95992
-40000.00000
-40000.00000
-40000.00000
-40000.00000
-40000.00000
-40000.00000
-40000.00000
-40000.00000
-40000.00000
-40000.00000
-40000.00000
-40000.00000
-40000.00000
-40000.00000
-40000.00000
-40000.00000
-40000.00000
-40000.00000
-40000.00000
-40000.00000
-40000.00000
-40000.00000
-40000.00000
-40000.00000
-40000.00000
-40000.00000
-40000.00000
-40000.00000
-40000.00000
-40000.00000
-40000.00000
-40000.00000
-40000.00000
-40000.00000
-40000.00000
-40000.00000
-40000.00000
-40000.00000
-40000.00000
-40000.00000
-40000.00000
-40000.00000
-40000.00000
-40000.00000
-40000.00000
-40000.00000
-40000.00000
-40000.00000
-40000.00000
-40000.00000
-40000.00000
-40000.00000
-40000.00000
-40000.00000
-40000.00000
-40000.00000
-40000.00000
-40000.00000
-40000.00000
-40000.00000
-40000.00000
-40000.00000
-40000.00000
-40000.00000
-40000.00000
-40000.00000
-40000.00000
-40000.00000
-40000.00000
-40000.00000
-40000.00000
-40000.00000
-40000.00000
-40000.00000
-40000.00000
-40000.00000
-40000.00000
-40000.00000
-40000.00000
-40000.00000
-40000.00000
-40000.00000
-40000.00000
-40000.00000
-40000.00000
-40000.00000
-40000.00000
-40000.00000
-40000.00000
-40000.00000
-40000.00000
-40000.00000
-40000.00000
-40000.00000
-40000.00000
-40000.00000
-40000.00000
-40000.00000
-40000.00000
-40000.00000
-40000.00000
-40000.00000
-40000.00000
-40000.00000
-40000.00000
-40000.00000
-40000.00000
-40000.00000
-40000.00000
-40000.00000
-40000.00000
-40000.00000
-40000.00000
-40000.00000
-40000.00000
-40000.00000
-40000.00000
-40000.00000
-40000.00000
-40000.00000
-40000.00000
-40000.00000
-40000.00000
-40000.00000
-40000.00000
-40000.00000
-40000.00000
-40000.00000
-40000.00000
-40000.00000
-40000.00000
-40000.00000
-40000.00000
-40000.00000
-40000.00000
-40000.00000
-40000.00000
-40000.00000
-40000.00000
-40000.00000
-40000.00000
-40000.00000
-40000.00000
-40000.00000
-40000.00000
-40000.00000
-40000.00000
-40000.00000
-40000.00000
