276         0.0 0.0 0.0
278         2.2 0.0 0.0
280         4.4 0.0 0.0
283         6.6 0.0 0.0
290         8.8 0.0 0.0
295         11.0 0.0 0.0
303         13.2 0.0 0.0
314         15.4 0.0 0.0
319         17.6 0.0 0.0
333         19.8 0.0 0.0
344         22.0 0.0 0.0
355         24.2 0.0 0.0
366         26.4 0.0 0.0
380         28.6 0.0 0.0
393         30.8 0.0 0.0
408         33.0 0.0 0.0
422         35.2 0.0 0.0
434         37.4 0.0 0.0
449         39.6 0.0 0.0
465         41.8 0.0 0.0
481         44.0 0.0 0.0
494         46.2 0.0 0.0
512         48.4 0.0 0.0
529         50.6 0.0 0.0
545         52.8 0.0 0.0
558         55.0 0.0 0.0
576         57.2 0.0 0.0
593         59.4 0.0 0.0
612         61.6 0.0 0.0
628         63.8 0.0 0.0
645         66.0 0.0 0.0
661         68.2 0.0 0.0
678         70.4 0.0 0.0
697         72.6 0.0 0.0
714         74.8 0.0 0.0
731         77.0 0.0 0.0
750         79.2 0.0 0.0
767         81.4 0.0 0.0
785         83.6 0.0 0.0
801         85.8 0.0 0.0
817         88.0 0.0 0.0
836         90.2 0.0 0.0
855         92.4 0.0 0.0
873         94.6 0.0 0.0
892         96.8 0.0 0.0
910         99.0 0.0 0.0
928         101.2 0.0 0.0
947         103.4 0.0 0.0
959         105.6 0.0 0.0
966         107.8 0.0 0.0
969         110.0 0.0 0.0
