1         0.0 40.0 0.0
3         0.0 37.7777778 0.0
6         0.0 35.5555556 0.0
11         0.0 33.3333333 0.0
17         0.0 31.1111111 0.0
26         0.0 28.8888889 0.0
35         0.0 26.6666667 0.0
45         0.0 24.4444444 0.0
59         0.0 22.2222222 0.0
74         0.0 20.0 0.0
91         0.0 17.7777778 0.0
107         0.0 15.5555556 0.0
127         0.0 13.3333333 0.0
148         0.0 11.1111111 0.0
169         0.0 8.88888889 0.0
195         0.0 6.66666667 0.0
218         0.0 4.44444444 0.0
248         0.0 2.22222222 0.0
276         0.0 0.0 0.0
935         110.0 40.0 0.0
936         110.0 37.7777778 0.0
940         110.0 35.5555556 0.0
941         110.0 33.3333333 0.0
942         110.0 31.1111111 0.0
944         110.0 28.8888889 0.0
946         110.0 26.6666667 0.0
949         110.0 24.4444444 0.0
951         110.0 22.2222222 0.0
953         110.0 20.0 0.0
956         110.0 17.7777778 0.0
957         110.0 15.5555556 0.0
960         110.0 13.3333333 0.0
962         110.0 11.1111111 0.0
964         110.0 8.88888889 0.0
965         110.0 6.66666667 0.0
967         110.0 4.44444444 0.0
968         110.0 2.22222222 0.0
969         110.0 0.0 0.0
