1        44 56 58 45
2        1 2 4 3
3        34 44 45 35
4        2 5 7 4
5        23 34 35 25
6        5 10 11 7
7        16 23 25 17
8        10 16 17 11
9        454 467 483 468
10        439 454 468 451
11        427 439 451 432
12        406 427 432 413
13        386 406 413 391
14        369 386 391 377
15        356 369 377 364
16        342 356 364 352
17        328 342 352 339
18        320 328 339 326
19        309 320 326 313
20        301 309 313 304
21        293 301 304 294
22        284 293 294 288
23        276 284 288 282
24        701 705 704 699
25        678 658 659 679
26        58 60 47 45
27        6 3 4 8
28        483 506 495 468
29        693 701 699 689
30        658 640 641 659
31        60 64 53 47
32        12 6 8 13
33        506 524 517 495
34        675 693 689 671
35        640 620 623 641
36        64 70 59 53
37        18 12 13 20
38        524 541 535 517
39        657 675 671 654
40        620 601 602 623
41        70 76 67 59
42        27 18 20 28
43        541 558 549 535
44        639 657 654 636
45        601 584 586 602
46        76 82 72 67
47        38 27 28 37
48        558 573 566 549
49        622 639 636 617
50        584 568 569 586
51        82 89 80 72
52        51 38 37 50
53        573 588 583 566
54        603 622 617 600
55        588 603 600 583
56        568 550 552 569
57        89 95 90 80
58        63 51 50 62
59        550 533 534 552
60        95 102 98 90
61        75 63 62 74
62        533 514 515 534
63        102 111 104 98
64        85 75 74 84
65        514 496 493 515
66        111 119 113 104
67        97 85 84 94
68        496 478 475 493
69        119 128 121 113
70        107 97 94 105
71        478 460 457 475
72        128 135 130 121
73        116 107 105 114
74        460 442 440 457
75        135 141 139 130
76        125 116 114 123
77        442 425 422 440
78        141 150 148 139
79        134 125 123 132
80        425 404 400 422
81        150 159 157 148
82        145 134 132 143
83        404 381 379 400
84        159 168 166 157
85        155 145 143 153
86        381 366 362 379
87        168 177 174 166
88        164 155 153 162
89        366 350 348 362
90        177 186 183 174
91        173 164 162 171
92        350 336 332 348
93        186 194 192 183
94        182 173 171 180
95        336 319 316 332
96        194 203 200 192
97        191 182 180 189
98        319 306 305 316
99        203 212 209 200
100        201 191 189 198
101        306 295 296 305
102        212 221 217 209
103        210 201 198 207
104        295 286 287 296
105        221 230 224 217
106        220 210 207 218
107        286 277 278 287
108        230 239 234 224
109        229 220 218 226
110        277 269 270 278
111        239 246 242 234
112        236 229 226 235
113        269 261 262 270
114        246 253 250 242
115        244 236 235 245
116        261 252 254 262
117        252 244 245 254
118        253 260 258 250
119        260 268 266 258
120        268 276 274 266
121        704 703 697 699
122        680 679 659 661
123        703 702 694 697
124        681 680 661 663
125        702 700 691 694
126        682 681 663 664
127        700 698 687 691
128        685 682 664 666
129        698 696 683 687
130        686 685 666 668
131        696 695 677 683
132        688 686 668 670
133        695 692 674 677
134        690 688 670 672
135        692 690 672 674
136        274 276 282 281
137        266 274 271 264
138        258 266 264 256
139        250 258 256 248
140        242 250 248 241
141        234 242 241 232
142        224 234 232 223
143        217 224 223 214
144        209 217 214 205
145        200 209 205 196
146        192 200 196 187
147        183 192 187 178
148        174 183 178 169
149        166 174 169 160
150        157 166 160 152
151        148 157 152 144
152        139 148 144 136
153        130 139 136 127
154        121 130 127 118
155        113 121 118 109
156        104 113 109 100
157        98 104 100 92
158        90 98 92 83
159        80 90 83 73
160        72 80 73 66
161        67 72 66 55
162        59 67 55 48
163        4 7 9 8
164        7 11 14 9
165        11 17 21 14
166        35 45 47 36
167        17 25 29 21
168        25 35 36 29
169        689 699 697 684
170        53 59 48 42
171        47 53 42 36
172        661 659 641 642
173        663 661 642 644
174        641 623 624 642
175        623 602 605 624
176        602 586 587 605
177        586 569 570 587
178        569 552 553 570
179        552 534 536 553
180        671 689 684 667
181        697 694 676 684
182        694 691 673 676
183        691 687 669 673
184        687 683 665 669
185        534 515 516 536
186        515 493 494 516
187        493 475 476 494
188        475 457 456 476
189        457 440 438 456
190        440 422 419 438
191        422 400 397 419
192        400 379 378 397
193        379 362 361 378
194        13 8 9 15
195        20 13 15 22
196        28 20 22 30
197        37 28 30 41
198        362 348 347 361
199        348 332 330 347
200        683 677 660 665
201        677 674 656 660
202        674 672 653 656
203        672 670 651 653
204        670 668 649 651
205        668 666 647 649
206        666 664 646 647
207        664 663 644 646
208        332 316 317 330
209        316 305 307 317
210        305 296 297 307
211        296 287 289 297
212        287 278 280 289
213        278 270 272 280
214        270 262 263 272
215        262 254 255 263
216        254 245 247 255
217        654 671 667 650
218        636 654 650 632
219        617 636 632 614
220        50 37 41 52
221        62 50 52 65
222        245 235 237 247
223        600 617 614 598
224        583 600 598 581
225        566 583 581 564
226        549 566 564 547
227        535 549 547 530
228        517 535 530 511
229        495 517 511 492
230        74 62 65 77
231        84 74 77 87
232        94 84 87 96
233        105 94 96 106
234        114 105 106 115
235        123 114 115 124
236        132 123 124 133
237        143 132 133 142
238        153 143 142 151
239        162 153 151 161
240        171 162 161 170
241        180 171 170 179
242        189 180 179 188
243        198 189 188 197
244        207 198 197 206
245        218 207 206 215
246        235 226 225 237
247        226 218 215 225
248        468 495 492 469
249        451 468 469 452
250        432 451 452 435
251        413 432 435 416
252        391 413 416 402
253        377 391 402 384
254        364 377 384 367
255        352 364 367 355
256        339 352 355 344
257        326 339 344 334
258        313 326 334 322
259        304 313 322 311
260        294 304 311 299
261        282 288 291 281
262        288 294 299 291
263        29 36 42 32
264        21 29 32 24
265        14 21 24 19
266        9 14 19 15
267        274 281 279 271
268        684 676 662 667
269        676 673 655 662
270        650 667 662 645
271        632 650 645 628
272        614 632 628 610
273        644 642 624 626
274        281 291 290 279
275        42 48 39 32
276        48 55 46 39
277        55 66 57 46
278        66 73 68 57
279        291 299 303 290
280        22 15 19 26
281        30 22 26 33
282        41 30 33 43
283        52 41 43 54
284        65 52 54 69
285        77 65 69 79
286        73 83 78 68
287        673 669 652 655
288        598 614 610 593
289        624 605 607 626
290        299 311 315 303
291        87 77 79 88
292        83 92 86 78
293        96 87 88 99
294        106 96 99 108
295        115 106 108 117
296        124 115 117 126
297        133 124 126 137
298        142 133 137 146
299        151 142 146 154
300        161 151 154 163
301        170 161 163 172
302        179 170 172 181
303        188 179 181 190
304        197 188 190 199
305        206 197 199 208
306        215 206 208 216
307        311 322 327 315
308        92 100 93 86
309        322 334 340 327
310        646 644 626 627
311        581 598 593 578
312        100 109 103 93
313        605 587 589 607
314        669 665 648 652
315        587 570 571 589
316        570 553 554 571
317        553 536 538 554
318        536 516 520 538
319        516 494 497 520
320        494 476 479 497
321        476 456 458 479
322        456 438 437 458
323        438 419 418 437
324        419 397 395 418
325        397 378 376 395
326        378 361 359 376
327        361 347 346 359
328        347 330 329 346
329        330 317 318 329
330        317 307 308 318
331        307 297 300 308
332        297 289 292 300
333        289 280 283 292
334        280 272 273 283
335        272 263 265 273
336        263 255 257 265
337        255 247 249 257
338        247 237 240 249
339        225 215 216 228
340        237 225 228 240
341        109 118 112 103
342        118 127 122 112
343        127 136 131 122
344        136 144 140 131
345        144 152 149 140
346        152 160 158 149
347        160 169 167 158
348        169 178 176 167
349        178 187 185 176
350        187 196 195 185
351        334 344 353 340
352        344 355 365 353
353        355 367 374 365
354        367 384 388 374
355        384 402 408 388
356        196 205 204 195
357        205 214 213 204
358        214 223 222 213
359        223 232 231 222
360        232 241 238 231
361        241 248 243 238
362        248 256 251 243
363        256 264 259 251
364        264 271 267 259
365        402 416 428 408
366        564 581 578 561
367        547 564 561 544
368        530 547 544 527
369        511 530 527 509
370        492 511 509 490
371        469 492 490 470
372        452 469 470 453
373        416 435 436 428
374        435 452 453 436
375        665 660 643 648
376        660 656 637 643
377        656 653 635 637
378        653 651 633 635
379        651 649 631 633
380        647 646 627 629
381        649 647 629 631
382        645 662 655 638
383        628 645 638 621
384        655 652 634 638
385        610 628 621 608
386        19 24 31 26
387        24 32 39 31
388        39 46 40 31
389        26 31 40 33
390        652 648 630 634
391        648 643 625 630
392        643 637 619 625
393        637 635 616 619
394        635 633 615 616
395        633 631 613 615
396        267 271 279 275
397        593 610 608 591
398        228 216 219 227
399        216 208 211 219
400        208 199 202 211
401        199 190 193 202
402        578 593 591 576
403        561 578 576 559
404        46 57 49 40
405        33 40 49 43
406        190 181 184 193
407        627 626 607 609
408        631 629 611 613
409        629 627 609 611
410        607 589 590 609
411        544 561 559 542
412        54 43 49 61
413        49 57 68 61
414        69 54 61 71
415        61 68 78 71
416        79 69 71 81
417        71 78 86 81
418        88 79 81 91
419        81 86 93 91
420        99 88 91 101
421        91 93 103 101
422        103 112 110 101
423        99 101 110 108
424        117 108 110 120
425        110 112 122 120
426        126 117 120 129
427        120 122 131 129
428        137 126 129 138
429        129 131 140 138
430        146 137 138 147
431        138 140 149 147
432        154 146 147 156
433        147 149 158 156
434        163 154 156 165
435        156 158 167 165
436        172 163 165 175
437        165 167 176 175
438        181 172 175 184
439        175 176 185 184
440        184 185 195 193
441        193 195 204 202
442        202 204 213 211
443        211 213 222 219
444        219 222 231 227
445        240 228 227 233
446        227 231 238 233
447        233 238 243 240
448        240 243 251 249
449        249 251 259 257
450        257 259 267 265
451        265 267 275 273
452        283 273 275 285
453        275 279 290 285
454        292 283 285 298
455        300 292 298 302
456        308 300 302 310
457        318 308 310 321
458        329 318 321 331
459        346 329 331 345
460        359 346 345 358
461        376 359 358 375
462        395 376 375 393
463        418 395 393 420
464        437 418 420 441
465        589 571 575 590
466        527 544 542 526
467        509 527 526 508
468        490 509 508 489
469        470 490 489 471
470        453 470 471 455
471        436 453 455 443
472        428 436 443 429
473        408 428 429 412
474        388 408 412 392
475        374 388 392 383
476        365 374 383 370
477        353 365 370 360
478        340 353 360 351
479        327 340 351 338
480        315 327 338 324
481        285 290 303 298
482        458 437 441 461
483        479 458 461 481
484        497 479 481 500
485        571 554 557 575
486        554 538 539 557
487        538 520 521 539
488        520 497 500 521
489        303 315 324 314
490        310 302 298 312
491        609 590 592 611
492        621 638 634 618
493        303 314 312 298
494        321 310 312 323
495        590 575 577 592
496        608 621 618 606
497        634 630 612 618
498        630 625 604 612
499        625 619 599 604
500        619 616 597 599
501        616 615 596 597
502        615 613 595 596
503        613 611 592 595
504        331 321 323 333
505        575 557 560 577
506        345 331 333 343
507        358 345 343 357
508        375 358 357 372
509        393 375 372 394
510        420 393 394 423
511        441 420 423 444
512        557 539 543 560
513        591 608 606 594
514        461 441 444 464
515        481 461 464 482
516        500 481 482 503
517        521 500 503 525
518        539 521 525 543
519        576 591 594 574
520        559 576 574 556
521        542 559 556 540
522        526 542 540 523
523        508 526 523 507
524        489 508 507 487
525        471 489 487 472
526        455 471 472 459
527        443 455 459 445
528        429 443 445 431
529        412 429 431 414
530        392 412 414 405
531        383 392 405 389
532        370 383 389 380
533        360 370 380 368
534        351 360 368 363
535        338 351 363 349
536        324 338 349 337
537        314 324 337 325
538        618 612 594 606
539        612 604 585 594
540        604 599 582 585
541        599 597 572 582
542        597 596 580 572
543        314 325 323 312
544        592 577 579 595
545        596 595 579 580
546        574 594 585 567
547        556 574 567 551
548        540 556 551 537
549        577 560 563 579
550        560 543 546 563
551        543 525 528 546
552        525 503 510 528
553        503 482 488 510
554        482 464 465 488
555        464 444 446 465
556        444 423 424 446
557        423 394 396 424
558        394 372 371 396
559        372 357 354 371
560        357 343 341 354
561        343 333 335 341
562        325 335 333 323
563        325 337 341 335
564        341 337 349 354
565        354 349 363 371
566        523 540 537 522
567        507 523 522 504
568        487 507 504 486
569        472 487 486 473
570        459 472 473 462
571        445 459 462 447
572        431 445 447 433
573        414 431 433 417
574        405 414 417 409
575        389 405 409 398
576        380 389 398 387
577        368 380 387 382
578        363 368 382 373
579        579 563 565 580
580        563 546 555 565
581        546 528 532 555
582        580 565 555 572
583        567 585 582 562
584        551 567 562 545
585        537 551 545 529
586        522 537 529 513
587        504 522 513 502
588        486 504 502 485
589        473 486 485 474
590        462 473 474 463
591        447 462 463 448
592        433 447 448 434
593        417 433 434 421
594        409 417 421 411
595        398 409 411 407
596        387 398 407 399
597        382 387 399 390
598        363 373 385 371
599        373 382 390 385
600        528 510 512 532
601        510 488 499 512
602        488 465 477 499
603        465 446 449 477
604        446 424 426 449
605        396 371 385 403
606        424 396 403 426
607        582 572 548 562
608        572 555 532 548
609        385 390 401 403
610        390 399 410 401
611        399 407 415 410
612        407 411 421 415
613        415 421 434 430
614        434 448 450 430
615        448 463 466 450
616        463 474 480 466
617        474 485 484 480
618        401 410 426 403
619        485 502 498 484
620        410 415 430 426
621        426 430 450 449
622        532 512 499 518
623        477 449 450 466
624        502 513 505 498
625        513 529 519 505
626        545 562 548 531
627        529 545 531 519
628        548 532 518 531
629        499 477 501 518
630        531 518 501 519
631        505 519 501 491
632        498 505 491 484
633        480 484 491 466
634        477 466 491 501
