1         0.0 0.0 0.0
2         0.14 0.0 0.0
5         0.28 0.0 0.0
10         0.42 0.0 0.0
16         0.56 0.0 0.0
23         0.7 0.0 0.0
33         0.84 0.0 0.0
43         0.98 0.0 0.0
54         1.12 0.0 0.0
68         1.26 0.0 0.0
84         1.4 0.0 0.0
100         1.54 0.0 0.0
119         1.68 0.0 0.0
136         1.82 0.0 0.0
158         1.96 0.0 0.0
179         2.1 0.0 0.0
201         2.24 0.0 0.0
229         2.38 0.0 0.0
254         2.52 0.0 0.0
281         2.66 0.0 0.0
313         2.8 0.0 0.0
344         2.94 0.0 0.0
377         3.08 0.0 0.0
412         3.22 0.0 0.0
446         3.36 0.0 0.0
489         3.5 0.0 0.0
527         3.64 0.0 0.0
560         3.78 0.0 0.0
593         3.92 0.0 0.0
624         4.06 0.0 0.0
655         4.2 0.0 0.0
686         4.34 0.0 0.0
714         4.48 0.0 0.0
742         4.62 0.0 0.0
771         4.76 0.0 0.0
799         4.9 0.0 0.0
827         5.04 0.0 0.0
855         5.18 0.0 0.0
883         5.32 0.0 0.0
909         5.46 0.0 0.0
938         5.6 0.0 0.0
964         5.74 0.0 0.0
991         5.88 0.0 0.0
1017         6.02 0.0 0.0
1045         6.16 0.0 0.0
1072         6.3 0.0 0.0
1098         6.44 0.0 0.0
1124         6.58 0.0 0.0
1150         6.72 0.0 0.0
1178         6.86 0.0 0.0
1204         7.0 0.0 0.0
