358         0.0 3.0 0.0
360         0.14 3.0 0.0
363         0.28 3.0 0.0
365         0.42 3.0 0.0
369         0.56 3.0 0.0
378         0.7 3.0 0.0
386         0.84 3.0 0.0
389         0.0 3.125 0.0
390         0.14 3.125 0.0
393         0.28 3.125 0.0
395         0.42 3.125 0.0
396         0.98 3.0 0.0
399         0.56 3.125 0.0
408         0.7 3.125 0.0
416         0.84 3.125 0.0
419         0.0 3.25 0.0
421         0.14 3.25 0.0
425         0.28 3.25 0.0
426         0.98 3.125 0.0
429         0.42 3.25 0.0
432         0.56 3.25 0.0
441         0.7 3.25 0.0
445         0.84 3.25 0.0
453         0.0 3.375 0.0
454         0.14 3.375 0.0
458         0.28 3.375 0.0
463         0.98 3.25 0.0
464         0.42 3.375 0.0
468         0.56 3.375 0.0
475         0.7 3.375 0.0
478         0.84 3.375 0.0
488         0.0 3.5 0.0
490         0.14 3.5 0.0
494         0.28 3.5 0.0
496         0.98 3.375 0.0
498         0.42 3.5 0.0
503         0.56 3.5 0.0
510         0.7 3.5 0.0
518         0.84 3.5 0.0
526         0.98 3.5 0.0
