1        1063 1056 1071 1059 1066 1068
2        1056 1069 1071 1064 1070 1066
3        1043 1023 1063 1035 1049 1055
4        1023 1056 1063 1044 1059 1049
5        1001 983 1043 995 1014 1022
6        983 1023 1043 1002 1035 1014
7        966 945 1001 954 974 984
8        945 983 1001 965 995 974
9        928 905 966 915 933 947
10        905 945 966 925 954 933
11        888 865 928 878 894 908
12        865 905 928 885 915 894
13        849 825 888 839 859 869
14        825 865 888 846 878 859
15        813 788 849 800 820 830
16        788 825 849 806 839 820
17        773 750 813 760 780 793
18        750 788 813 768 800 780
19        737 711 773 725 743 756
20        711 750 773 730 760 743
21        701 671 737 688 708 720
22        671 711 737 691 725 708
23        666 637 701 650 668 684
24        637 671 701 657 688 668
25        632 598 666 616 634 647
26        598 637 666 618 650 634
27        596 563 632 577 597 614
28        563 598 632 581 616 597
29        565 527 596 545 562 580
30        527 563 596 544 577 562
31        531 495 565 513 529 549
32        495 527 565 510 545 529
33        502 461 531 482 498 519
34        461 495 531 477 513 498
35        474 428 502 451 467 488
36        428 461 502 445 482 467
37        448 399 474 425 438 462
38        399 428 474 415 451 438
39        426 367 448 396 410 434
40        367 399 448 383 425 410
41        402 340 426 372 387 413
42        340 367 426 353 396 387
43        386 319 402 350 364 392
44        319 340 402 330 372 364
45        369 303 386 337 343 378
46        303 319 386 311 350 343
47        363 296 369 328 333 365
48        296 303 369 301 337 333
49        358 293 363 322 324 360
50        293 296 363 294 328 324
51        1056 1047 1069 1051 1061 1064
52        1047 1065 1069 1058 1067 1061
53        1023 1008 1056 1017 1037 1044
54        1008 1047 1056 1028 1051 1037
55        983 968 1023 976 996 1002
56        968 1008 1023 988 1017 996
57        945 927 983 934 955 965
58        927 968 983 948 976 955
59        905 886 945 893 913 925
60        886 927 945 906 934 913
61        865 844 905 856 874 885
62        844 886 905 864 893 874
63        825 803 865 816 836 846
64        803 844 865 824 856 836
65        788 765 825 777 796 806
66        765 803 825 783 816 796
67        750 726 788 736 757 768
68        726 765 788 746 777 757
69        711 686 750 699 715 730
70        686 726 750 707 736 715
71        671 645 711 659 679 691
72        645 686 711 665 699 679
73        637 607 671 621 640 657
74        607 645 671 625 659 640
75        598 570 637 585 603 618
76        570 607 637 589 621 603
77        563 530 598 547 567 581
78        530 570 598 551 585 567
79        527 492 563 508 528 544
80        492 530 563 512 547 528
81        495 453 527 475 491 510
82        453 492 527 473 508 491
83        461 419 495 442 455 477
84        419 453 495 437 475 455
85        428 382 461 405 422 445
86        382 419 461 401 442 422
87        399 341 428 370 390 415
88        341 382 428 361 405 390
89        367 307 399 338 352 383
90        307 341 399 323 370 352
91        340 279 367 310 321 353
92        279 307 367 295 338 321
93        319 259 340 289 300 330
94        259 279 340 272 310 300
95        303 246 319 275 278 311
96        246 259 319 252 289 278
97        296 237 303 266 270 301
98        237 246 303 240 275 270
99        293 232 296 261 262 294
100        232 237 296 235 266 262
101        1047 1034 1065 1040 1053 1058
102        1034 1060 1065 1050 1062 1053
103        1008 992 1047 998 1019 1028
104        992 1034 1047 1013 1040 1019
105        968 951 1008 958 979 988
106        951 992 1008 971 998 979
107        927 910 968 916 937 948
108        910 951 968 930 958 937
109        886 868 927 877 897 906
110        868 910 927 890 916 897
111        844 826 886 837 857 864
112        826 868 886 847 877 857
113        803 785 844 795 815 824
114        785 826 844 804 837 815
115        765 745 803 754 774 783
116        745 785 803 766 795 774
117        726 704 765 713 733 746
118        704 745 765 723 754 733
119        686 662 726 674 693 707
120        662 704 726 683 713 693
121        645 622 686 635 654 665
122        622 662 686 643 674 654
123        607 582 645 594 613 625
124        582 622 645 600 635 613
125        570 540 607 553 574 589
126        540 582 607 560 594 574
127        530 500 570 517 535 551
128        500 540 570 521 553 535
129        492 459 530 476 497 512
130        459 500 530 478 517 497
131        453 418 492 436 454 473
132        418 459 492 440 476 454
133        419 373 453 395 416 437
134        373 418 453 394 436 416
135        382 331 419 355 376 401
136        331 373 419 348 395 376
137        341 290 382 315 334 361
138        290 331 382 308 355 334
139        307 255 341 280 297 323
140        255 290 341 274 315 297
141        279 229 307 253 268 295
142        229 255 307 241 280 268
143        259 209 279 234 242 272
144        209 229 279 217 253 242
145        246 193 259 218 223 252
146        193 209 259 198 234 223
147        237 183 246 211 215 240
148        183 193 246 187 218 215
149        232 178 237 204 206 235
150        178 183 237 181 211 206
151        1034 1020 1060 1025 1046 1050
152        1020 1054 1060 1041 1057 1046
153        992 977 1034 986 1006 1013
154        977 1020 1034 999 1025 1006
155        951 936 992 943 963 971
156        936 977 992 957 986 963
157        910 892 951 902 922 930
158        892 936 951 914 943 922
159        868 852 910 861 881 890
160        852 892 910 871 902 881
161        826 810 868 819 841 847
162        810 852 868 832 861 841
163        785 769 826 778 799 804
164        769 810 826 790 819 799
165        745 728 785 734 755 766
166        728 769 785 749 778 755
167        704 685 745 692 714 723
168        685 728 745 706 734 714
169        662 641 704 652 670 683
170        641 685 704 663 692 670
171        622 599 662 610 631 643
172        599 641 662 620 652 631
173        582 556 622 571 591 600
174        556 599 622 575 610 591
175        540 516 582 525 548 560
176        516 556 582 537 571 548
177        500 470 540 485 505 521
178        470 516 540 493 525 505
179        459 427 500 443 465 478
180        427 470 500 450 485 465
181        418 381 459 400 420 440
182        381 427 459 404 443 420
183        373 332 418 349 375 394
184        332 381 418 356 400 375
185        331 282 373 305 329 348
186        282 332 373 306 349 329
187        290 245 331 267 285 308
188        245 282 331 263 305 285
189        255 212 290 233 249 274
190        212 245 290 226 267 249
191        229 184 255 203 220 241
192        184 212 255 197 233 220
193        209 164 229 186 195 217
194        164 184 229 171 203 195
195        193 148 209 168 175 198
196        148 164 209 152 186 175
197        183 137 193 161 166 187
198        137 148 193 143 168 166
199        178 134 183 154 156 181
200        134 137 183 135 161 156
201        1020 1010 1054 1016 1036 1041
202        1010 1048 1054 1031 1052 1036
203        977 969 1020 973 994 999
204        969 1010 1020 990 1016 994
205        936 924 977 931 952 957
206        924 969 977 946 973 952
207        892 883 936 887 909 914
208        883 924 936 903 931 909
209        852 840 892 845 866 871
210        840 883 892 862 887 866
211        810 797 852 802 823 832
212        797 840 852 818 845 823
213        769 753 810 759 781 790
214        753 797 810 775 802 781
215        728 710 769 716 738 749
216        710 753 769 732 759 738
217        685 667 728 677 696 706
218        667 710 728 689 716 696
219        641 623 685 633 656 663
220        623 667 685 644 677 656
221        599 578 641 590 612 620
222        578 623 641 601 633 612
223        556 538 599 546 568 575
224        538 578 599 558 590 568
225        516 490 556 501 523 537
226        490 538 556 515 546 523
227        470 446 516 457 480 493
228        446 490 516 469 501 480
229        427 398 470 411 433 450
230        398 446 470 421 457 433
231        381 342 427 362 389 404
232        342 398 427 371 411 389
233        332 291 381 309 335 356
234        291 342 381 317 362 335
235        282 247 332 265 286 306
236        247 291 332 269 309 286
237        245 205 282 222 244 263
238        205 247 282 224 265 244
239        212 173 245 192 207 226
240        173 205 245 189 222 207
241        184 146 212 165 176 197
242        146 173 212 157 192 176
243        164 124 184 144 151 171
244        124 146 184 132 165 151
245        148 108 164 127 133 152
246        108 124 164 114 144 133
247        137 98 148 118 121 143
248        98 108 148 104 127 121
249        134 94 137 112 115 135
250        94 98 137 95 118 115
251        1010 1000 1048 1003 1024 1031
252        1000 1042 1048 1021 1045 1024
253        969 956 1010 959 980 990
254        956 1000 1010 978 1003 980
255        924 912 969 919 940 946
256        912 956 969 935 959 940
257        883 870 924 876 899 903
258        870 912 924 891 919 899
259        840 827 883 834 854 862
260        827 870 883 848 876 854
261        797 782 840 791 812 818
262        782 827 840 805 834 812
263        753 740 797 748 770 775
264        740 782 797 761 791 770
265        710 697 753 703 727 732
266        697 740 753 719 748 727
267        667 653 710 660 681 689
268        653 697 710 676 703 681
269        623 609 667 617 639 644
270        609 653 667 630 660 639
271        578 564 623 572 593 601
272        564 609 623 587 617 593
273        538 520 578 524 550 558
274        520 564 578 542 572 550
275        490 471 538 481 504 515
276        471 520 538 496 524 504
277        446 423 490 431 456 469
278        423 471 490 447 481 456
279        398 368 446 384 409 421
280        368 423 446 397 431 409
281        342 312 398 325 354 371
282        312 368 398 339 384 354
283        291 258 342 276 302 317
284        258 312 342 284 325 302
285        247 216 291 227 251 269
286        216 258 291 238 276 251
287        205 174 247 190 210 224
288        174 216 247 194 227 210
289        173 140 205 153 170 189
290        140 174 205 155 190 170
291        146 111 173 129 142 157
292        111 140 173 126 153 142
293        124 91 146 107 117 132
294        91 111 146 103 129 117
295        108 74 124 90 96 114
296        74 91 124 82 107 96
297        98 66 108 81 86 104
298        66 74 108 72 90 86
299        94 62 98 79 80 95
300        62 66 98 64 81 80
301        1000 993 1042 997 1018 1021
302        993 1038 1042 1015 1039 1018
303        956 950 1000 953 975 978
304        950 993 1000 972 997 975
305        912 907 956 911 932 935
306        907 950 956 929 953 932
307        870 863 912 867 889 891
308        863 907 912 884 911 889
309        827 821 870 822 843 848
310        821 863 870 842 867 843
311        782 776 827 779 801 805
312        776 821 827 798 822 801
313        740 731 782 735 758 761
314        731 776 782 752 779 758
315        697 687 740 690 712 719
316        687 731 740 709 735 712
317        653 642 697 646 669 676
318        642 687 697 664 690 669
319        609 595 653 602 624 630
320        595 642 653 619 646 624
321        564 552 609 554 576 587
322        552 595 609 573 602 576
323        520 503 564 509 534 542
324        503 552 564 526 554 534
325        471 452 520 464 487 496
326        452 503 520 479 509 487
327        423 403 471 414 439 447
328        403 452 471 429 464 439
329        368 345 423 357 388 397
330        345 403 423 374 414 388
331        312 287 368 299 326 339
332        287 345 368 316 357 326
333        258 236 312 248 273 284
334        236 287 312 260 299 273
335        216 191 258 199 221 238
336        191 236 258 213 248 221
337        174 149 216 162 180 194
338        149 191 216 169 199 180
339        140 116 174 128 145 155
340        116 149 174 130 162 145
341        111 89 140 99 110 126
342        89 116 140 102 128 110
343        91 65 111 77 88 103
344        65 89 111 75 99 88
345        74 51 91 61 69 82
346        51 65 91 58 77 69
347        66 41 74 53 57 72
348        41 51 74 45 61 57
349        62 37 66 49 50 64
350        37 41 66 38 53 50
351        993 989 1038 991 1012 1015
352        989 1032 1038 1011 1033 1012
353        950 944 993 949 970 972
354        944 989 993 967 991 970
355        907 901 950 904 926 929
356        901 944 950 923 949 926
357        863 858 907 860 882 884
358        858 901 907 880 904 882
359        821 814 863 817 838 842
360        814 858 863 835 860 838
361        776 771 821 772 794 798
362        771 814 821 792 817 794
363        731 724 776 729 751 752
364        724 771 776 747 772 751
365        687 680 731 682 705 709
366        680 724 731 702 729 705
367        642 636 687 638 661 664
368        636 680 687 658 682 661
369        595 588 642 592 615 619
370        588 636 642 611 638 615
371        552 541 595 543 569 573
372        541 588 595 566 592 569
373        503 494 552 499 522 526
374        494 541 552 518 543 522
375        452 444 503 449 472 479
376        444 494 503 468 499 472
377        403 391 452 393 424 429
378        391 444 452 417 449 424
379        345 327 403 336 366 374
380        327 391 403 359 393 366
381        287 271 345 277 304 316
382        271 327 345 298 336 304
383        236 219 287 225 250 260
384        219 271 287 243 277 250
385        191 172 236 177 200 213
386        172 219 236 196 225 200
387        149 131 191 139 160 169
388        131 172 191 150 177 160
389        116 97 149 106 123 130
390        97 131 149 113 139 123
391        89 71 116 78 92 102
392        71 97 116 83 106 92
393        65 48 89 55 67 75
394        48 71 89 59 78 67
395        51 31 65 40 47 58
396        31 48 65 39 55 47
397        41 22 51 30 35 45
398        22 31 51 26 40 35
399        37 18 41 27 29 38
400        18 22 41 20 30 29
401        989 985 1032 987 1009 1011
402        985 1029 1032 1007 1030 1009
403        944 941 989 942 964 967
404        941 985 989 962 987 964
405        901 898 944 900 921 923
406        898 941 944 920 942 921
407        858 853 901 855 879 880
408        853 898 901 875 900 879
409        814 809 858 811 833 835
410        809 853 858 831 855 833
411        771 764 814 767 789 792
412        764 809 814 787 811 789
413        724 721 771 722 744 747
414        721 764 771 742 767 744
415        680 675 724 678 700 702
416        675 721 724 698 722 700
417        636 628 680 629 655 658
418        628 675 680 651 678 655
419        588 584 636 586 608 611
420        584 628 636 606 629 608
421        541 536 588 539 561 566
422        536 584 588 559 586 561
423        494 486 541 489 514 518
424        486 536 541 511 539 514
425        444 435 494 441 466 468
426        435 486 494 463 489 466
427        391 380 444 385 412 417
428        380 435 444 408 441 412
429        327 318 391 320 351 359
430        318 380 391 347 385 351
431        271 257 327 264 292 298
432        257 318 327 288 320 292
433        219 208 271 214 239 243
434        208 257 271 231 264 239
435        172 163 219 167 188 196
436        163 208 219 185 214 188
437        131 122 172 125 147 150
438        122 163 172 141 167 147
439        97 87 131 93 109 113
440        87 122 131 105 125 109
441        71 60 97 63 76 83
442        60 87 97 73 93 76
443        48 36 71 42 52 59
444        36 60 71 46 63 52
445        31 21 48 25 32 39
446        21 36 48 28 42 32
447        22 9 31 15 19 26
448        9 21 31 14 25 19
449        18 6 22 12 13 20
450        6 9 22 8 15 13
451        985 981 1029 982 1005 1007
452        981 1026 1029 1004 1027 1005
453        941 938 985 939 961 962
454        938 981 985 960 982 961
455        898 895 941 896 918 920
456        895 938 941 917 939 918
457        853 850 898 851 873 875
458        850 895 898 872 896 873
459        809 807 853 808 829 831
460        807 850 853 828 851 829
461        764 762 809 763 786 787
462        762 807 809 784 808 786
463        721 717 764 718 741 742
464        717 762 764 739 763 741
465        675 672 721 673 695 698
466        672 717 721 694 718 695
467        628 626 675 627 649 651
468        626 672 675 648 673 649
469        584 579 628 583 605 606
470        579 626 628 604 627 605
471        536 532 584 533 557 559
472        532 579 584 555 583 557
473        486 483 536 484 507 511
474        483 532 536 506 533 507
475        435 430 486 432 460 463
476        430 483 486 458 484 460
477        380 377 435 379 407 408
478        377 430 435 406 432 407
479        318 313 380 314 346 347
480        313 377 380 344 379 346
481        257 254 318 256 283 288
482        254 313 318 281 314 283
483        208 201 257 202 230 231
484        201 254 257 228 256 230
485        163 158 208 159 182 185
486        158 201 208 179 202 182
487        122 119 163 120 138 141
488        119 158 163 136 159 138
489        87 84 122 85 101 105
490        84 119 122 100 120 101
491        60 54 87 56 70 73
492        54 84 87 68 85 70
493        36 33 60 34 44 46
494        33 54 60 43 56 44
495        21 16 36 17 24 28
496        16 33 36 23 34 24
497        9 5 21 7 11 14
498        5 16 21 10 17 11
499        6 1 9 3 4 8
500        1 5 9 2 7 4
