1         0.0 0.0 0.0
3         0.0 0.15 0.0
6         0.0 0.3 0.0
12         0.0 0.45 0.0
18         0.0 0.6 0.0
27         0.0 0.75 0.0
37         0.0 0.9 0.0
49         0.0 1.05 0.0
62         0.0 1.2 0.0
79         0.0 1.35 0.0
94         0.0 1.5 0.0
112         0.0 1.65 0.0
134         0.0 1.8 0.0
154         0.0 1.95 0.0
178         0.0 2.1 0.0
204         0.0 2.25 0.0
232         0.0 2.4 0.0
261         0.0 2.55 0.0
293         0.0 2.7 0.0
322         0.0 2.85 0.0
358         0.0 3.0 0.0
389         0.0 3.125 0.0
419         0.0 3.25 0.0
453         0.0 3.375 0.0
488         0.0 3.5 0.0
1204         7.0 0.0 0.0
1205         7.0 0.15 0.0
1207         7.0 0.3 0.0
1208         7.0 0.45 0.0
1211         7.0 0.6 0.0
1213         7.0 0.75 0.0
1218         7.0 0.9 0.0
1219         7.0 1.05 0.0
1224         7.0 1.2 0.0
1227         7.0 1.35 0.0
1232         7.0 1.5 0.0
1236         7.0 1.65 0.0
1240         7.0 1.8 0.0
1243         7.0 1.95 0.0
1248         7.0 2.1 0.0
1252         7.0 2.25 0.0
1256         7.0 2.4 0.0
1259         7.0 2.55 0.0
1263         7.0 2.7 0.0
1266         7.0 2.85 0.0
1269         7.0 3.0 0.0
1271         7.0 3.125 0.0
1273         7.0 3.25 0.0
1274         7.0 3.375 0.0
1275         7.0 3.5 0.0
