44         5.83333333 26.0 0.0
45         5.83333333 25.0 0.0
57         6.66666667 26.0 0.0
58         6.66666667 25.0 0.0
70         7.5 26.0 0.0
72         7.5 25.0 0.0
85         8.33333333 26.0 0.0
88         8.33333333 25.0 0.0
105         9.16666667 26.0 0.0
106         9.16666667 25.0 0.0
122         10.0 26.0 0.0
123         10.0 25.0 0.0
143         10.8333333 26.0 0.0
144         10.8333333 25.0 0.0
164         11.6666667 26.0 0.0
166         11.6666667 25.0 0.0
187         12.5 26.0 0.0
190         12.5 25.0 0.0
214         13.3333333 26.0 0.0
216         13.3333333 25.0 0.0
239         14.1666667 26.0 0.0
240         14.1666667 25.0 0.0
269         15.0 26.0 0.0
270         15.0 25.0 0.0
298         15.8333333 26.0 0.0
299         15.8333333 25.0 0.0
330         16.6666667 26.0 0.0
332         16.6666667 25.0 0.0
363         17.5 26.0 0.0
364         17.5 25.0 0.0
394         18.3333333 26.0 0.0
397         18.3333333 25.0 0.0
434         19.1666667 26.0 0.0
437         19.1666667 25.0 0.0
471         20.0 26.0 0.0
473         20.0 25.0 0.0
511         20.8333333 26.0 0.0
512         20.8333333 25.0 0.0
550         21.6666667 26.0 0.0
552         21.6666667 25.0 0.0
590         22.5 26.0 0.0
594         22.5 25.0 0.0
639         23.3333333 26.0 0.0
640         23.3333333 25.0 0.0
682         24.1666667 26.0 0.0
684         24.1666667 25.0 0.0
730         25.0 26.0 0.0
731         25.0 25.0 0.0
